0.25 0.75 18.51
0.25 1.25 18.41
0.25 1.75 18.27
0.25 2.25 18.12
0.25 2.75 17.97
0.25 10.25 17.02
0.25 10.75 16.91
0.25 11.25 16.75
0.25 11.75 16.58
0.25 12.25 16.41
0.25 12.75 16.24
0.25 13.25 16.07
0.25 13.75 15.93
0.25 14.25 15.80
0.25 14.75 15.68
0.25 15.25 15.56
0.25 15.75 15.44
0.25 16.25 15.31
0.25 16.75 15.15
0.25 17.25 14.88
0.25 17.75 14.59
0.25 18.25 14.32
0.25 18.75 14.06
0.25 19.25 13.79
0.25 19.75 13.53
0.25 20.25 13.30
0.25 20.75 13.09
0.25 21.25 12.84
0.25 21.75 12.58
0.25 22.25 12.32
0.25 22.75 12.07
0.25 23.25 11.81
0.25 23.75 11.59
0.25 24.25 11.37
0.25 24.75 11.18
0.25 25.25 11.07
0.25 25.75 10.85
0.25 26.25 10.58
0.25 26.75 10.33
0.25 27.25 10.16
0.25 27.75 10.01
0.25 28.25 9.78
0.25 28.75 9.52
0.25 29.25 9.26
0.25 29.75 9.01
0.25 3.25 17.82
0.25 3.75 17.84
0.25 30.25 8.83
0.25 30.75 8.67
0.25 31.25 8.50
0.25 31.75 8.32
0.25 32.25 8.15
0.25 32.75 7.98
0.25 33.25 7.82
0.25 33.75 7.66
0.25 34.25 7.53
0.25 34.75 7.40
0.25 35.25 7.26
0.25 35.75 7.18
0.25 36.25 7.13
0.25 4.25 17.85
0.25 4.75 17.84
0.25 5.25 17.73
0.25 5.75 17.63
0.25 6.25 17.52
0.25 6.75 17.42
0.25 7.25 17.31
0.25 7.75 17.23
0.25 8.25 17.18
0.25 8.75 17.15
0.25 9.25 17.14
0.25 9.75 17.09
0.75 0.75 18.34
0.75 1.25 18.25
0.75 1.75 18.13
0.75 10.25 17.00
0.75 10.75 16.90
0.75 11.25 16.73
0.75 11.75 16.57
0.75 12.25 16.40
0.75 12.75 16.24
0.75 13.25 16.07
0.75 13.75 15.93
0.75 14.25 15.82
0.75 14.75 15.67
0.75 15.25 15.52
0.75 15.75 15.37
0.75 16.25 15.22
0.75 16.75 15.04
0.75 17.25 14.88
0.75 17.75 14.61
0.75 18.25 14.33
0.75 18.75 14.06
0.75 19.25 13.80
0.75 19.75 13.56
0.75 2.25 17.99
0.75 2.75 17.84
0.75 20.25 13.34
0.75 20.75 13.13
0.75 21.25 12.90
0.75 21.75 12.59
0.75 22.25 12.27
0.75 22.75 12.02
0.75 23.25 11.76
0.75 23.75 11.53
0.75 24.25 11.30
0.75 24.75 11.21
0.75 25.25 11.08
0.75 25.75 10.89
0.75 26.25 10.61
0.75 26.75 10.34
0.75 27.25 10.18
0.75 27.75 10.02
0.75 28.25 9.77
0.75 28.75 9.53
0.75 29.25 9.30
0.75 29.75 9.03
0.75 3.25 17.77
0.75 3.75 17.75
0.75 30.25 8.85
0.75 30.75 8.66
0.75 31.25 8.48
0.75 31.75 8.30
0.75 32.25 8.13
0.75 32.75 7.96
0.75 33.25 7.78
0.75 33.75 7.59
0.75 34.25 7.39
0.75 34.75 7.22
0.75 35.25 7.08
0.75 35.75 6.95
0.75 36.25 6.89
0.75 4.25 17.76
0.75 4.75 17.76
0.75 5.25 17.67
0.75 5.75 17.58
0.75 6.25 17.48
0.75 6.75 17.37
0.75 7.25 17.26
0.75 7.75 17.18
0.75 8.25 17.14
0.75 8.75 17.12
0.75 9.25 17.11
0.75 9.75 17.06
1.25 0.75 18.11
1.25 1.25 18.06
1.25 1.75 17.93
1.25 10.25 16.96
1.25 10.75 16.86
1.25 11.25 16.71
1.25 11.75 16.55
1.25 12.25 16.38
1.25 12.75 16.22
1.25 13.25 16.05
1.25 13.75 15.88
1.25 14.25 15.73
1.25 14.75 15.58
1.25 15.25 15.44
1.25 15.75 15.28
1.25 16.25 15.11
1.25 16.75 14.93
1.25 17.25 14.76
1.25 17.75 14.60
1.25 18.25 14.33
1.25 18.75 14.07
1.25 19.25 13.82
1.25 19.75 13.60
1.25 2.25 17.81
1.25 2.75 17.70
1.25 20.25 13.35
1.25 20.75 13.13
1.25 21.25 12.99
1.25 21.75 12.76
1.25 22.25 12.41
1.25 22.75 12.05
1.25 23.25 11.71
1.25 23.75 11.47
1.25 24.25 11.32
1.25 24.75 11.24
1.25 25.25 11.09
1.25 25.75 10.93
1.25 26.25 10.65
1.25 26.75 10.41
1.25 27.25 10.25
1.25 27.75 10.04
1.25 28.25 9.82
1.25 28.75 9.59
1.25 29.25 9.33
1.25 29.75 9.06
1.25 3.25 17.62
1.25 3.75 17.57
1.25 30.25 8.88
1.25 30.75 8.69
1.25 31.25 8.51
1.25 31.75 8.30
1.25 32.25 8.10
1.25 32.75 7.88
1.25 33.25 7.66
1.25 33.75 7.46
1.25 34.25 7.27
1.25 34.75 7.09
1.25 35.25 6.91
1.25 35.75 6.76
1.25 36.25 6.65
1.25 4.25 17.56
1.25 4.75 17.57
1.25 5.25 17.55
1.25 5.75 17.45
1.25 6.25 17.36
1.25 6.75 17.29
1.25 7.25 17.22
1.25 7.75 17.12
1.25 8.25 17.10
1.25 8.75 17.07
1.25 9.25 17.04
1.25 9.75 17.01
1.75 0.75 17.87
1.75 1.25 17.82
1.75 1.75 17.74
1.75 10.25 16.91
1.75 10.75 16.80
1.75 11.25 16.65
1.75 11.75 16.50
1.75 12.25 16.35
1.75 12.75 16.19
1.75 13.25 16.02
1.75 13.75 15.79
1.75 14.25 15.64
1.75 14.75 15.50
1.75 15.25 15.34
1.75 15.75 15.17
1.75 16.25 14.99
1.75 16.75 14.82
1.75 17.25 14.65
1.75 17.75 14.48
1.75 18.25 14.32
1.75 18.75 14.08
1.75 19.25 13.83
1.75 19.75 13.57
1.75 2.25 17.62
1.75 2.75 17.52
1.75 20.25 13.31
1.75 20.75 13.15
1.75 21.25 13.01
1.75 21.75 12.85
1.75 22.25 12.58
1.75 22.75 12.22
1.75 23.25 11.86
1.75 23.75 11.52
1.75 24.25 11.35
1.75 24.75 11.26
1.75 25.25 11.10
1.75 25.75 10.95
1.75 26.25 10.70
1.75 26.75 10.46
1.75 27.25 10.26
1.75 27.75 10.06
1.75 28.25 9.85
1.75 28.75 9.64
1.75 29.25 9.36
1.75 29.75 9.08
1.75 3.25 17.46
1.75 3.75 17.41
1.75 30.25 8.86
1.75 30.75 8.65
1.75 31.25 8.43
1.75 31.75 8.24
1.75 32.25 8.04
1.75 32.75 7.85
1.75 33.25 7.60
1.75 33.75 7.33
1.75 34.25 7.14
1.75 34.75 6.97
1.75 35.25 6.79
1.75 35.75 6.61
1.75 36.25 6.45
1.75 4.25 17.37
1.75 4.75 17.37
1.75 5.25 17.31
1.75 5.75 17.25
1.75 6.25 17.17
1.75 6.75 17.10
1.75 7.25 17.09
1.75 7.75 17.08
1.75 8.25 17.03
1.75 8.75 17.00
1.75 9.25 16.97
1.75 9.75 16.95
2.25 0.75 17.65
2.25 1.25 17.59
2.25 1.75 17.54
2.25 10.25 16.82
2.25 10.75 16.66
2.25 11.25 16.51
2.25 11.75 16.35
2.25 12.25 16.20
2.25 12.75 16.05
2.25 13.25 15.90
2.25 13.75 15.75
2.25 14.25 15.56
2.25 14.75 15.40
2.25 15.25 15.23
2.25 15.75 15.06
2.25 16.25 14.88
2.25 16.75 14.71
2.25 17.25 14.54
2.25 17.75 14.37
2.25 18.25 14.20
2.25 18.75 14.03
2.25 19.25 13.79
2.25 19.75 13.53
2.25 2.25 17.43
2.25 2.75 17.34
2.25 20.25 13.29
2.25 20.75 13.17
2.25 21.25 13.04
2.25 21.75 12.88
2.25 22.25 12.72
2.25 22.75 12.40
2.25 23.25 12.04
2.25 23.75 11.76
2.25 24.25 11.45
2.25 24.75 11.26
2.25 25.25 11.10
2.25 25.75 10.94
2.25 26.25 10.70
2.25 26.75 10.43
2.25 27.25 10.19
2.25 27.75 9.99
2.25 28.25 9.79
2.25 28.75 9.59
2.25 29.25 9.29
2.25 29.75 8.99
2.25 3.25 17.30
2.25 3.75 17.25
2.25 30.25 8.78
2.25 30.75 8.58
2.25 31.25 8.38
2.25 31.75 8.19
2.25 32.25 7.99
2.25 32.75 7.80
2.25 33.25 7.58
2.25 33.75 7.31
2.25 34.25 7.06
2.25 34.75 6.80
2.25 35.25 6.63
2.25 35.75 6.48
2.25 36.25 6.31
2.25 4.25 17.21
2.25 4.75 17.17
2.25 5.25 17.11
2.25 5.75 17.06
2.25 6.25 17.02
2.25 6.75 17.07
2.25 7.25 17.03
2.25 7.75 16.98
2.25 8.25 16.91
2.25 8.75 16.87
2.25 9.25 16.85
2.25 9.75 16.83
2.75 0.75 17.44
2.75 1.25 17.38
2.75 1.75 17.31
2.75 10.25 16.58
2.75 10.75 16.42
2.75 11.25 16.27
2.75 11.75 16.12
2.75 12.25 15.97
2.75 12.75 15.82
2.75 13.25 15.67
2.75 13.75 15.56
2.75 14.25 15.45
2.75 14.75 15.29
2.75 15.25 15.12
2.75 15.75 14.95
2.75 16.25 14.77
2.75 16.75 14.60
2.75 17.25 14.42
2.75 17.75 14.25
2.75 18.25 14.08
2.75 18.75 13.90
2.75 19.25 13.73
2.75 19.75 13.49
2.75 2.25 17.24
2.75 2.75 17.19
2.75 20.25 13.32
2.75 20.75 13.20
2.75 21.25 13.07
2.75 21.75 12.91
2.75 22.25 12.75
2.75 22.75 12.57
2.75 23.25 12.24
2.75 23.75 11.87
2.75 24.25 11.46
2.75 24.75 11.22
2.75 25.25 11.07
2.75 25.75 10.88
2.75 26.25 10.65
2.75 26.75 10.39
2.75 27.25 10.13
2.75 27.75 9.93
2.75 28.25 9.73
2.75 28.75 9.53
2.75 29.25 9.31
2.75 29.75 8.92
2.75 3.25 17.16
2.75 3.75 17.13
2.75 30.25 8.73
2.75 30.75 8.54
2.75 31.25 8.35
2.75 31.75 8.16
2.75 32.25 7.97
2.75 32.75 7.77
2.75 33.25 7.56
2.75 33.75 7.30
2.75 34.25 7.05
2.75 34.75 6.80
2.75 35.25 6.54
2.75 35.75 6.29
2.75 36.25 6.03
2.75 4.25 17.10
2.75 4.75 17.06
2.75 5.25 17.01
2.75 5.75 16.96
2.75 6.25 16.98
2.75 6.75 16.94
2.75 7.25 16.88
2.75 7.75 16.83
2.75 8.25 16.75
2.75 8.75 16.73
2.75 9.25 16.71
2.75 9.75 16.69
3.25 0.75 17.24
3.25 1.25 17.17
3.25 1.75 17.12
3.25 10.25 16.34
3.25 10.75 16.18
3.25 11.25 16.02
3.25 11.75 15.87
3.25 12.25 15.72
3.25 12.75 15.57
3.25 13.25 15.47
3.25 13.75 15.37
3.25 14.25 15.22
3.25 14.75 15.04
3.25 15.25 14.91
3.25 15.75 14.76
3.25 16.25 14.59
3.25 16.75 14.43
3.25 17.25 14.26
3.25 17.75 14.12
3.25 18.25 13.98
3.25 18.75 13.80
3.25 19.25 13.62
3.25 19.75 13.44
3.25 2.25 17.07
3.25 2.75 17.00
3.25 20.25 13.34
3.25 20.75 13.22
3.25 21.25 13.10
3.25 21.75 12.94
3.25 22.25 12.78
3.25 22.75 12.61
3.25 23.25 12.28
3.25 23.75 11.88
3.25 24.25 11.47
3.25 24.75 11.19
3.25 25.25 11.03
3.25 25.75 10.81
3.25 26.25 10.58
3.25 26.75 10.35
3.25 27.25 10.08
3.25 27.75 9.87
3.25 28.25 9.67
3.25 28.75 9.47
3.25 29.25 9.27
3.25 29.75 8.95
3.25 3.25 17.02
3.25 3.75 17.01
3.25 30.25 8.76
3.25 30.75 8.56
3.25 31.25 8.37
3.25 31.75 8.18
3.25 32.25 7.99
3.25 32.75 7.80
3.25 33.25 7.56
3.25 33.75 7.30
3.25 34.25 7.04
3.25 34.75 6.79
3.25 35.25 6.54
3.25 35.75 6.28
3.25 36.25 6.03
3.25 4.25 16.99
3.25 4.75 16.96
3.25 5.25 16.91
3.25 5.75 16.89
3.25 6.25 16.85
3.25 6.75 16.78
3.25 7.25 16.72
3.25 7.75 16.68
3.25 8.25 16.61
3.25 8.75 16.59
3.25 9.25 16.57
3.25 9.75 16.50
3.75 0.75 17.03
3.75 1.25 16.98
3.75 1.75 16.93
3.75 10.25 16.11
3.75 10.75 15.94
3.75 11.25 15.78
3.75 11.75 15.63
3.75 12.25 15.48
3.75 12.75 15.34
3.75 13.25 15.27
3.75 13.75 15.18
3.75 14.25 14.97
3.75 14.75 14.76
3.75 15.25 14.64
3.75 15.75 14.51
3.75 16.25 14.38
3.75 16.75 14.23
3.75 17.25 14.06
3.75 17.75 13.95
3.75 18.25 13.84
3.75 18.75 13.70
3.75 19.25 13.54
3.75 19.75 13.38
3.75 2.25 16.89
3.75 2.75 16.83
3.75 20.25 13.28
3.75 20.75 13.18
3.75 21.25 13.06
3.75 21.75 12.94
3.75 22.25 12.76
3.75 22.75 12.64
3.75 23.25 12.27
3.75 23.75 11.88
3.75 24.25 11.47
3.75 24.75 11.15
3.75 25.25 10.96
3.75 25.75 10.74
3.75 26.25 10.51
3.75 26.75 10.28
3.75 27.25 10.04
3.75 27.75 9.81
3.75 28.25 9.61
3.75 28.75 9.41
3.75 29.25 9.21
3.75 29.75 8.99
3.75 3.25 16.81
3.75 3.75 16.82
3.75 30.25 8.79
3.75 30.75 8.59
3.75 31.25 8.40
3.75 31.75 8.21
3.75 32.25 8.02
3.75 32.75 7.81
3.75 33.25 7.55
3.75 33.75 7.29
3.75 34.25 7.04
3.75 34.75 6.78
3.75 35.25 6.54
3.75 35.75 6.31
3.75 36.25 6.07
3.75 4.25 16.82
3.75 4.75 16.82
3.75 5.25 16.82
3.75 5.75 16.77
3.75 6.25 16.70
3.75 6.75 16.62
3.75 7.25 16.57
3.75 7.75 16.53
3.75 8.25 16.46
3.75 8.75 16.44
3.75 9.25 16.42
3.75 9.75 16.27
4.25 0.75 16.84
4.25 1.25 16.79
4.25 1.75 16.75
4.25 10.25 15.87
4.25 10.75 15.71
4.25 11.25 15.54
4.25 11.75 15.38
4.25 12.25 15.23
4.25 12.75 15.15
4.25 13.25 15.07
4.25 13.75 14.98
4.25 14.25 14.73
4.25 14.75 14.54
4.25 15.25 14.42
4.25 15.75 14.28
4.25 16.25 14.15
4.25 16.75 14.02
4.25 17.25 13.89
4.25 17.75 13.79
4.25 18.25 13.69
4.25 18.75 13.55
4.25 19.25 13.41
4.25 19.75 13.30
4.25 2.25 16.70
4.25 2.75 16.65
4.25 20.25 13.17
4.25 20.75 13.04
4.25 21.25 12.90
4.25 21.75 12.83
4.25 22.25 12.77
4.25 22.75 12.65
4.25 23.25 12.26
4.25 23.75 11.87
4.25 24.25 11.47
4.25 24.75 11.11
4.25 25.25 10.89
4.25 25.75 10.66
4.25 26.25 10.44
4.25 26.75 10.21
4.25 27.25 9.98
4.25 27.75 9.74
4.25 28.25 9.54
4.25 28.75 9.34
4.25 29.25 9.16
4.25 29.75 8.95
4.25 3.25 16.60
4.25 3.75 16.61
4.25 30.25 8.79
4.25 30.75 8.63
4.25 31.25 8.43
4.25 31.75 8.24
4.25 32.25 8.05
4.25 32.75 7.80
4.25 33.25 7.54
4.25 33.75 7.31
4.25 34.25 7.06
4.25 34.75 6.83
4.25 35.25 6.59
4.25 35.75 6.36
4.25 36.25 6.11
4.25 4.25 16.63
4.25 4.75 16.64
4.25 5.25 16.57
4.25 5.75 16.61
4.25 6.25 16.54
4.25 6.75 16.47
4.25 7.25 16.42
4.25 7.75 16.37
4.25 8.25 16.32
4.25 8.75 16.30
4.25 9.25 16.19
4.25 9.75 16.03
4.75 0.75 16.65
4.75 1.25 16.61
4.75 1.75 16.56
4.75 10.25 15.63
4.75 10.75 15.47
4.75 11.25 15.31
4.75 11.75 15.15
4.75 12.25 15.02
4.75 12.75 14.93
4.75 13.25 14.85
4.75 13.75 14.77
4.75 14.25 14.52
4.75 14.75 14.39
4.75 15.25 14.31
4.75 15.75 14.19
4.75 16.25 14.06
4.75 16.75 13.93
4.75 17.25 13.79
4.75 17.75 13.65
4.75 18.25 13.54
4.75 18.75 13.41
4.75 19.25 13.32
4.75 19.75 13.21
4.75 2.25 16.51
4.75 2.75 16.47
4.75 20.25 13.08
4.75 20.75 12.96
4.75 21.25 12.83
4.75 21.75 12.72
4.75 22.25 12.57
4.75 22.75 12.51
4.75 23.25 12.21
4.75 23.75 11.82
4.75 24.25 11.43
4.75 24.75 11.08
4.75 25.25 10.84
4.75 25.75 10.61
4.75 26.25 10.38
4.75 26.75 10.15
4.75 27.25 9.92
4.75 27.75 9.69
4.75 28.25 9.50
4.75 28.75 9.32
4.75 29.25 9.09
4.75 29.75 8.88
4.75 3.25 16.42
4.75 3.75 16.40
4.75 30.25 8.72
4.75 30.75 8.57
4.75 31.25 8.41
4.75 31.75 8.25
4.75 32.25 8.05
4.75 32.75 7.84
4.75 33.25 7.63
4.75 33.75 7.40
4.75 34.25 7.13
4.75 34.75 6.87
4.75 35.25 6.64
4.75 35.75 6.40
4.75 36.25 6.08
4.75 4.25 16.42
4.75 4.75 16.32
4.75 5.25 16.34
4.75 5.75 16.35
4.75 6.25 16.38
4.75 6.75 16.31
4.75 7.25 16.26
4.75 7.75 16.22
4.75 8.25 16.18
4.75 8.75 16.12
4.75 9.25 15.96
4.75 9.75 15.79
5.25 0.75 16.45
5.25 1.25 16.41
5.25 1.75 16.37
5.25 10.25 15.40
5.25 10.75 15.25
5.25 11.25 15.10
5.25 11.75 14.96
5.25 12.25 14.81
5.25 12.75 14.72
5.25 13.25 14.62
5.25 13.75 14.54
5.25 14.25 14.36
5.25 14.75 14.25
5.25 15.25 14.16
5.25 15.75 14.09
5.25 16.25 13.97
5.25 16.75 13.84
5.25 17.25 13.70
5.25 17.75 13.56
5.25 18.25 13.42
5.25 18.75 13.32
5.25 19.25 13.24
5.25 19.75 13.11
5.25 2.25 16.33
5.25 2.75 16.28
5.25 20.25 12.99
5.25 20.75 12.86
5.25 21.25 12.73
5.25 21.75 12.58
5.25 22.25 12.43
5.25 22.75 12.32
5.25 23.25 12.14
5.25 23.75 11.75
5.25 24.25 11.36
5.25 24.75 11.07
5.25 25.25 10.81
5.25 25.75 10.58
5.25 26.25 10.35
5.25 26.75 10.12
5.25 27.25 9.91
5.25 27.75 9.72
5.25 28.25 9.52
5.25 28.75 9.26
5.25 29.25 9.02
5.25 29.75 8.85
5.25 3.25 16.24
5.25 3.75 16.19
5.25 30.25 8.71
5.25 30.75 8.57
5.25 31.25 8.42
5.25 31.75 8.31
5.25 32.25 8.16
5.25 32.75 7.96
5.25 33.25 7.73
5.25 33.75 7.47
5.25 34.25 7.21
5.25 34.75 6.94
5.25 35.25 6.68
5.25 35.75 6.41
5.25 36.25 6.06
5.25 4.25 16.21
5.25 4.75 16.13
5.25 5.25 16.13
5.25 5.75 16.18
5.25 6.25 16.17
5.25 6.75 16.15
5.25 7.25 16.11
5.25 7.75 16.07
5.25 8.25 16.03
5.25 8.75 15.88
5.25 9.25 15.72
5.25 9.75 15.56
5.75 0.75 16.27
5.75 1.25 16.21
5.75 1.75 16.17
5.75 10.25 15.21
5.75 10.75 15.07
5.75 11.25 14.92
5.75 11.75 14.78
5.75 12.25 14.63
5.75 12.75 14.51
5.75 13.25 14.42
5.75 13.75 14.33
5.75 14.25 14.22
5.75 14.75 14.11
5.75 15.25 14.00
5.75 15.75 13.93
5.75 16.25 13.86
5.75 16.75 13.74
5.75 17.25 13.60
5.75 17.75 13.47
5.75 18.25 13.33
5.75 18.75 13.19
5.75 19.25 13.11
5.75 19.75 12.93
5.75 2.25 16.13
5.75 2.75 16.09
5.75 20.25 12.80
5.75 20.75 12.67
5.75 21.25 12.54
5.75 21.75 12.41
5.75 22.25 12.29
5.75 22.75 12.16
5.75 23.25 12.06
5.75 23.75 11.67
5.75 24.25 11.33
5.75 24.75 11.05
5.75 25.25 10.78
5.75 25.75 10.54
5.75 26.25 10.34
5.75 26.75 10.14
5.75 27.25 9.93
5.75 27.75 9.75
5.75 28.25 9.56
5.75 28.75 9.24
5.75 29.25 9.02
5.75 29.75 8.86
5.75 3.25 16.05
5.75 3.75 16.00
5.75 30.25 8.73
5.75 30.75 8.60
5.75 31.25 8.51
5.75 31.75 8.41
5.75 32.25 8.24
5.75 32.75 8.07
5.75 33.25 7.81
5.75 33.75 7.54
5.75 34.25 7.26
5.75 34.75 6.99
5.75 35.25 6.69
5.75 35.75 6.37
5.75 36.25 6.00
5.75 4.25 16.00
5.75 4.75 15.99
5.75 5.25 16.02
5.75 5.75 16.00
5.75 6.25 15.97
5.75 6.75 15.97
5.75 7.25 15.96
5.75 7.75 15.92
5.75 8.25 15.81
5.75 8.75 15.65
5.75 9.25 15.50
5.75 9.75 15.36
6.25 0.75 16.09
6.25 1.25 16.01
6.25 1.75 15.97
6.25 10.25 15.04
6.25 10.75 14.89
6.25 11.25 14.74
6.25 11.75 14.60
6.25 12.25 14.45
6.25 12.75 14.32
6.25 13.25 14.29
6.25 13.75 14.26
6.25 14.25 14.31
6.25 14.75 14.08
6.25 15.25 13.86
6.25 15.75 13.79
6.25 16.25 13.74
6.25 16.75 13.63
6.25 17.25 13.50
6.25 17.75 13.36
6.25 18.25 13.22
6.25 18.75 13.08
6.25 19.25 12.98
6.25 19.75 12.81
6.25 2.25 15.93
6.25 2.75 15.89
6.25 20.25 12.62
6.25 20.75 12.48
6.25 21.25 12.35
6.25 21.75 12.23
6.25 22.25 12.12
6.25 22.75 12.00
6.25 23.25 11.94
6.25 23.75 11.61
6.25 24.25 11.31
6.25 24.75 11.02
6.25 25.25 10.77
6.25 25.75 10.56
6.25 26.25 10.37
6.25 26.75 10.15
6.25 27.25 9.94
6.25 27.75 9.79
6.25 28.25 9.58
6.25 28.75 9.32
6.25 29.25 9.07
6.25 29.75 8.87
6.25 3.25 15.85
6.25 3.75 15.81
6.25 30.25 8.74
6.25 30.75 8.66
6.25 31.25 8.58
6.25 31.75 8.41
6.25 32.25 8.24
6.25 32.75 8.07
6.25 33.25 7.79
6.25 33.75 7.50
6.25 34.25 7.20
6.25 34.75 6.91
6.25 35.25 6.64
6.25 35.75 6.31
6.25 36.25 5.95
6.25 4.25 15.79
6.25 4.75 15.84
6.25 5.25 15.90
6.25 5.75 15.85
6.25 6.25 15.82
6.25 6.75 15.81
6.25 7.25 15.80
6.25 7.75 15.74
6.25 8.25 15.63
6.25 8.75 15.48
6.25 9.25 15.33
6.25 9.75 15.19
6.75 0.75 16.00
6.75 1.25 15.82
6.75 1.75 15.77
6.75 10.25 14.91
6.75 10.75 14.77
6.75 11.25 14.62
6.75 11.75 14.47
6.75 12.25 14.32
6.75 12.75 14.33
6.75 13.25 14.21
6.75 13.75 14.18
6.75 14.25 14.04
6.75 14.75 13.88
6.75 15.25 13.74
6.75 15.75 13.69
6.75 16.25 13.56
6.75 16.75 13.46
6.75 17.25 13.35
6.75 17.75 13.24
6.75 18.25 13.11
6.75 18.75 12.97
6.75 19.25 12.85
6.75 19.75 12.70
6.75 2.25 15.73
6.75 2.75 15.69
6.75 20.25 12.50
6.75 20.75 12.31
6.75 21.25 12.17
6.75 21.75 12.06
6.75 22.25 11.96
6.75 22.75 11.86
6.75 23.25 11.79
6.75 23.75 11.58
6.75 24.25 11.32
6.75 24.75 11.05
6.75 25.25 10.79
6.75 25.75 10.55
6.75 26.25 10.32
6.75 26.75 10.12
6.75 27.25 9.95
6.75 27.75 9.77
6.75 28.25 9.58
6.75 28.75 9.34
6.75 29.25 9.10
6.75 29.75 8.92
6.75 3.25 15.66
6.75 3.75 15.64
6.75 30.25 8.83
6.75 30.75 8.75
6.75 31.25 8.62
6.75 31.75 8.44
6.75 32.25 8.27
6.75 32.75 8.04
6.75 33.25 7.71
6.75 33.75 7.42
6.75 34.25 7.12
6.75 34.75 6.82
6.75 35.25 6.62
6.75 35.75 6.37
6.75 36.25 5.96
6.75 4.25 15.64
6.75 4.75 15.69
6.75 5.25 15.71
6.75 5.75 15.68
6.75 6.25 15.67
6.75 6.75 15.66
6.75 7.25 15.60
6.75 7.75 15.53
6.75 8.25 15.46
6.75 8.75 15.36
6.75 9.25 15.21
6.75 9.75 15.06
7.25 0.75 15.98
7.25 1.25 15.73
7.25 1.75 15.57
7.25 10.25 14.79
7.25 10.75 14.64
7.25 11.25 14.49
7.25 11.75 14.35
7.25 12.25 14.20
7.25 12.75 14.30
7.25 13.25 14.30
7.25 13.75 14.06
7.25 14.25 13.90
7.25 14.75 13.74
7.25 15.25 13.64
7.25 15.75 13.55
7.25 16.25 13.37
7.25 16.75 13.26
7.25 17.25 13.15
7.25 17.75 13.05
7.25 18.25 12.94
7.25 18.75 12.83
7.25 19.25 12.72
7.25 19.75 12.58
7.25 2.25 15.55
7.25 2.75 15.53
7.25 20.25 12.40
7.25 20.75 12.23
7.25 21.25 12.07
7.25 21.75 11.93
7.25 22.25 11.81
7.25 22.75 11.73
7.25 23.25 11.63
7.25 23.75 11.41
7.25 24.25 11.16
7.25 24.75 10.90
7.25 25.25 10.69
7.25 25.75 10.43
7.25 26.25 10.23
7.25 26.75 10.05
7.25 27.25 9.90
7.25 27.75 9.74
7.25 28.25 9.55
7.25 28.75 9.34
7.25 29.25 9.10
7.25 29.75 9.01
7.25 3.25 15.51
7.25 3.75 15.48
7.25 30.25 8.89
7.25 30.75 8.69
7.25 31.25 8.51
7.25 31.75 8.38
7.25 32.25 8.21
7.25 32.75 7.99
7.25 33.25 7.67
7.25 33.75 7.33
7.25 34.25 7.04
7.25 34.75 6.75
7.25 35.25 6.60
7.25 35.75 6.42
7.25 36.25 5.99
7.25 4.25 15.50
7.25 4.75 15.53
7.25 5.25 15.52
7.25 5.75 15.51
7.25 6.25 15.50
7.25 6.75 15.45
7.25 7.25 15.40
7.25 7.75 15.32
7.25 8.25 15.25
7.25 8.75 15.18
7.25 9.25 15.08
7.25 9.75 14.94
7.75 0.75 15.88
7.75 1.25 15.61
7.75 1.75 15.39
7.75 10.25 14.67
7.75 10.75 14.52
7.75 11.25 14.37
7.75 11.75 14.22
7.75 12.25 14.08
7.75 12.75 14.27
7.75 13.25 14.14
7.75 13.75 13.91
7.75 14.25 13.76
7.75 14.75 13.60
7.75 15.25 13.55
7.75 15.75 13.32
7.75 16.25 13.17
7.75 16.75 13.07
7.75 17.25 12.96
7.75 17.75 12.85
7.75 18.25 12.75
7.75 18.75 12.61
7.75 19.25 12.59
7.75 19.75 12.50
7.75 2.25 15.39
7.75 2.75 15.37
7.75 20.25 12.34
7.75 20.75 12.18
7.75 21.25 12.02
7.75 21.75 11.86
7.75 22.25 11.72
7.75 22.75 11.59
7.75 23.25 11.46
7.75 23.75 11.25
7.75 24.25 11.00
7.75 24.75 10.80
7.75 25.25 10.58
7.75 25.75 10.35
7.75 26.25 10.16
7.75 26.75 9.98
7.75 27.25 9.85
7.75 27.75 9.71
7.75 28.25 9.53
7.75 28.75 9.33
7.75 29.25 9.15
7.75 29.75 8.95
7.75 3.25 15.35
7.75 3.75 15.33
7.75 30.25 8.75
7.75 30.75 8.56
7.75 31.25 8.37
7.75 31.75 8.19
7.75 32.25 8.07
7.75 32.75 7.87
7.75 33.25 7.58
7.75 33.75 7.27
7.75 34.25 6.95
7.75 34.75 6.72
7.75 35.25 6.57
7.75 35.75 6.35
7.75 36.25 6.02
7.75 4.25 15.35
7.75 4.75 15.35
7.75 5.25 15.36
7.75 5.75 15.36
7.75 6.25 15.26
7.75 6.75 15.22
7.75 7.25 15.18
7.75 7.75 15.12
7.75 8.25 15.04
7.75 8.75 14.97
7.75 9.25 14.90
7.75 9.75 14.81
8.25 0.75 15.68
8.25 1.25 15.45
8.25 1.75 15.21
8.25 10.25 14.54
8.25 10.75 14.39
8.25 11.25 14.25
8.25 11.75 14.10
8.25 12.25 14.02
8.25 12.75 14.17
8.25 13.25 13.82
8.25 13.75 13.74
8.25 14.25 13.62
8.25 14.75 13.50
8.25 15.25 13.32
8.25 15.75 13.09
8.25 16.25 12.98
8.25 16.75 12.87
8.25 17.25 12.76
8.25 17.75 12.65
8.25 18.25 12.50
8.25 18.75 12.41
8.25 19.25 12.44
8.25 19.75 12.36
8.25 2.25 15.21
8.25 2.75 15.21
8.25 20.25 12.18
8.25 20.75 12.02
8.25 21.25 11.86
8.25 21.75 11.69
8.25 22.25 11.55
8.25 22.75 11.42
8.25 23.25 11.29
8.25 23.75 11.09
8.25 24.25 10.88
8.25 24.75 10.69
8.25 25.25 10.46
8.25 25.75 10.27
8.25 26.25 10.09
8.25 26.75 9.93
8.25 27.25 9.79
8.25 27.75 9.66
8.25 28.25 9.48
8.25 28.75 9.21
8.25 29.25 9.01
8.25 29.75 8.82
8.25 3.25 15.20
8.25 3.75 15.17
8.25 30.25 8.62
8.25 30.75 8.42
8.25 31.25 8.23
8.25 31.75 8.05
8.25 32.25 7.88
8.25 32.75 7.70
8.25 33.25 7.41
8.25 33.75 7.12
8.25 34.25 6.86
8.25 34.75 6.69
8.25 35.25 6.51
8.25 35.75 6.28
8.25 36.25 6.06
8.25 4.25 15.18
8.25 4.75 15.19
8.25 5.25 15.22
8.25 5.75 15.15
8.25 6.25 15.03
8.25 6.75 14.99
8.25 7.25 14.96
8.25 7.75 14.91
8.25 8.25 14.84
8.25 8.75 14.76
8.25 9.25 14.69
8.25 9.75 14.61
8.75 0.75 15.42
8.75 1.25 15.28
8.75 1.75 15.04
8.75 10.25 14.33
8.75 10.75 14.26
8.75 11.25 14.12
8.75 11.75 13.97
8.75 12.25 13.99
8.75 12.75 13.78
8.75 13.25 13.68
8.75 13.75 13.58
8.75 14.25 13.48
8.75 14.75 13.31
8.75 15.25 13.09
8.75 15.75 12.89
8.75 16.25 12.78
8.75 16.75 12.67
8.75 17.25 12.54
8.75 17.75 12.39
8.75 18.25 12.23
8.75 18.75 12.25
8.75 19.25 12.29
8.75 19.75 12.22
8.75 2.25 15.02
8.75 2.75 15.02
8.75 20.25 12.03
8.75 20.75 11.84
8.75 21.25 11.67
8.75 21.75 11.51
8.75 22.25 11.37
8.75 22.75 11.25
8.75 23.25 11.13
8.75 23.75 10.96
8.75 24.25 10.77
8.75 24.75 10.59
8.75 25.25 10.38
8.75 25.75 10.20
8.75 26.25 10.02
8.75 26.75 9.87
8.75 27.25 9.70
8.75 27.75 9.53
8.75 28.25 9.32
8.75 28.75 9.05
8.75 29.25 8.86
8.75 29.75 8.68
8.75 3.25 15.02
8.75 3.75 15.02
8.75 30.25 8.48
8.75 30.75 8.29
8.75 31.25 8.09
8.75 31.75 7.91
8.75 32.25 7.74
8.75 32.75 7.54
8.75 33.25 7.26
8.75 33.75 7.02
8.75 34.25 6.83
8.75 34.75 6.65
8.75 35.25 6.46
8.75 35.75 6.23
8.75 36.25 5.98
8.75 4.25 15.02
8.75 4.75 15.04
8.75 5.25 15.04
8.75 5.75 14.90
8.75 6.25 14.80
8.75 6.75 14.76
8.75 7.25 14.73
8.75 7.75 14.69
8.75 8.25 14.63
8.75 8.75 14.56
8.75 9.25 14.48
8.75 9.75 14.41
9.25 0.75 15.17
9.25 1.25 15.08
9.25 1.75 14.87
9.25 10.25 14.13
9.25 10.75 14.05
9.25 11.25 13.98
9.25 11.75 13.85
9.25 12.25 13.75
9.25 12.75 13.65
9.25 13.25 13.55
9.25 13.75 13.42
9.25 14.25 13.23
9.25 14.75 13.08
9.25 15.25 12.86
9.25 15.75 12.69
9.25 16.25 12.58
9.25 16.75 12.43
9.25 17.25 12.28
9.25 17.75 12.12
9.25 18.25 12.07
9.25 18.75 12.10
9.25 19.25 12.13
9.25 19.75 12.08
9.25 2.25 14.84
9.25 2.75 14.86
9.25 20.25 11.88
9.25 20.75 11.69
9.25 21.25 11.50
9.25 21.75 11.33
9.25 22.25 11.20
9.25 22.75 11.08
9.25 23.25 10.97
9.25 23.75 10.82
9.25 24.25 10.65
9.25 24.75 10.48
9.25 25.25 10.31
9.25 25.75 10.13
9.25 26.25 9.92
9.25 26.75 9.72
9.25 27.25 9.54
9.25 27.75 9.36
9.25 28.25 9.16
9.25 28.75 8.90
9.25 29.25 8.71
9.25 29.75 8.53
9.25 3.25 14.86
9.25 3.75 14.86
9.25 30.25 8.34
9.25 30.75 8.15
9.25 31.25 7.95
9.25 31.75 7.77
9.25 32.25 7.60
9.25 32.75 7.39
9.25 33.25 7.19
9.25 33.75 6.99
9.25 34.25 6.80
9.25 34.75 6.61
9.25 35.25 6.41
9.25 35.75 6.23
9.25 36.25 5.97
9.25 4.25 14.84
9.25 4.75 14.92
9.25 5.25 14.79
9.25 5.75 14.65
9.25 6.25 14.56
9.25 6.75 14.53
9.25 7.25 14.50
9.25 7.75 14.46
9.25 8.25 14.42
9.25 8.75 14.35
9.25 9.25 14.28
9.25 9.75 14.20
9.75 0.75 14.92
9.75 1.25 14.83
9.75 1.75 14.73
9.75 10.25 13.92
9.75 10.75 13.85
9.75 11.25 13.77
9.75 11.75 13.70
9.75 12.25 13.46
9.75 12.75 13.24
9.75 13.25 13.04
9.75 13.75 12.85
9.75 14.25 12.66
9.75 14.75 12.67
9.75 15.25 12.63
9.75 15.75 12.47
9.75 16.25 12.32
9.75 16.75 12.17
9.75 17.25 12.01
9.75 17.75 11.89
9.75 18.25 11.92
9.75 18.75 11.95
9.75 19.25 11.98
9.75 19.75 11.92
9.75 2.25 14.63
9.75 2.75 14.65
9.75 20.25 11.73
9.75 20.75 11.54
9.75 21.25 11.34
9.75 21.75 11.16
9.75 22.25 11.04
9.75 22.75 10.93
9.75 23.25 10.81
9.75 23.75 10.68
9.75 24.25 10.54
9.75 24.75 10.39
9.75 25.25 10.23
9.75 25.75 10.01
9.75 26.25 9.79
9.75 26.75 9.57
9.75 27.25 9.38
9.75 27.75 9.19
9.75 28.25 8.99
9.75 28.75 8.75
9.75 29.25 8.56
9.75 29.75 8.38
9.75 3.25 14.69
9.75 3.75 14.70
9.75 30.25 8.20
9.75 30.75 8.01
9.75 31.25 7.82
9.75 31.75 7.63
9.75 32.25 7.44
9.75 32.75 7.29
9.75 33.25 7.13
9.75 33.75 6.96
9.75 34.25 6.77
9.75 34.75 6.58
9.75 35.25 6.38
9.75 35.75 6.23
9.75 36.25 5.98
9.75 4.25 14.65
9.75 4.75 14.62
9.75 5.25 14.54
9.75 5.75 14.40
9.75 6.25 14.33
9.75 6.75 14.30
9.75 7.25 14.27
9.75 7.75 14.23
9.75 8.25 14.20
9.75 8.75 14.15
9.75 9.25 14.07
9.75 9.75 14.00
10.25 0.75 14.70
10.25 1.25 14.63
10.25 1.75 14.58
10.25 10.25 13.72
10.25 10.75 13.64
10.25 11.25 13.57
10.25 11.75 13.43
10.25 12.25 13.25
10.25 12.75 12.95
10.25 13.25 12.71
10.25 13.75 12.47
10.25 14.25 12.24
10.25 14.75 12.29
10.25 15.25 12.30
10.25 15.75 12.21
10.25 16.25 12.06
10.25 16.75 11.90
10.25 17.25 11.74
10.25 17.75 11.73
10.25 18.25 11.77
10.25 18.75 11.80
10.25 19.25 11.83
10.25 19.75 11.77
10.25 2.25 14.49
10.25 2.75 14.45
10.25 20.25 11.58
10.25 20.75 11.39
10.25 21.25 11.19
10.25 21.75 11.04
10.25 22.25 10.89
10.25 22.75 10.75
10.25 23.25 10.64
10.25 23.75 10.51
10.25 24.25 10.37
10.25 24.75 10.23
10.25 25.25 10.05
10.25 25.75 9.84
10.25 26.25 9.64
10.25 26.75 9.43
10.25 27.25 9.22
10.25 27.75 9.02
10.25 28.25 8.82
10.25 28.75 8.60
10.25 29.25 8.41
10.25 29.75 8.23
10.25 3.25 14.54
10.25 3.75 14.46
10.25 30.25 8.05
10.25 30.75 7.86
10.25 31.25 7.68
10.25 31.75 7.49
10.25 32.25 7.32
10.25 32.75 7.17
10.25 33.25 7.04
10.25 33.75 6.87
10.25 34.25 6.71
10.25 34.75 6.54
10.25 35.25 6.38
10.25 35.75 6.24
10.25 36.25 5.99
10.25 4.25 14.39
10.25 4.75 14.33
10.25 5.25 14.30
10.25 5.75 14.16
10.25 6.25 14.10
10.25 6.75 14.07
10.25 7.25 14.03
10.25 7.75 14.00
10.25 8.25 13.97
10.25 8.75 13.93
10.25 9.25 13.87
10.25 9.75 13.79
10.75 0.75 14.56
10.75 1.25 14.50
10.75 1.75 14.44
10.75 10.25 13.51
10.75 10.75 13.44
10.75 11.25 13.36
10.75 11.75 13.17
10.75 12.25 12.98
10.75 12.75 12.79
10.75 13.25 12.44
10.75 13.75 12.21
10.75 14.25 11.97
10.75 14.75 12.02
10.75 15.25 11.96
10.75 15.75 11.89
10.75 16.25 11.79
10.75 16.75 11.63
10.75 17.25 11.55
10.75 17.75 11.58
10.75 18.25 11.61
10.75 18.75 11.64
10.75 19.25 11.68
10.75 19.75 11.62
10.75 2.25 14.41
10.75 2.75 14.35
10.75 20.25 11.44
10.75 20.75 11.26
10.75 21.25 11.09
10.75 21.75 10.94
10.75 22.25 10.78
10.75 22.75 10.63
10.75 23.25 10.48
10.75 23.75 10.34
10.75 24.25 10.21
10.75 24.75 10.07
10.75 25.25 9.88
10.75 25.75 9.66
10.75 26.25 9.45
10.75 26.75 9.25
10.75 27.25 9.06
10.75 27.75 8.88
10.75 28.25 8.65
10.75 28.75 8.45
10.75 29.25 8.27
10.75 29.75 8.09
10.75 3.25 14.32
10.75 3.75 14.23
10.75 30.25 7.91
10.75 30.75 7.72
10.75 31.25 7.54
10.75 31.75 7.42
10.75 32.25 7.26
10.75 32.75 7.13
10.75 33.25 7.00
10.75 33.75 6.84
10.75 34.25 6.67
10.75 34.75 6.53
10.75 35.25 6.38
10.75 35.75 6.22
10.75 36.25 6.00
10.75 4.25 14.15
10.75 4.75 14.07
10.75 5.25 14.05
10.75 5.75 13.91
10.75 6.25 13.87
10.75 6.75 13.84
10.75 7.25 13.80
10.75 7.75 13.77
10.75 8.25 13.74
10.75 8.75 13.70
10.75 9.25 13.66
10.75 9.75 13.59
11.25 0.75 14.43
11.25 1.25 14.36
11.25 1.75 14.29
11.25 10.25 13.31
11.25 10.75 13.23
11.25 11.25 13.09
11.25 11.75 12.91
11.25 12.25 12.72
11.25 12.75 12.54
11.25 13.25 12.30
11.25 13.75 11.94
11.25 14.25 11.70
11.25 14.75 11.70
11.25 15.25 11.63
11.25 15.75 11.55
11.25 16.25 11.48
11.25 16.75 11.36
11.25 17.25 11.38
11.25 17.75 11.39
11.25 18.25 11.40
11.25 18.75 11.44
11.25 19.25 11.48
11.25 19.75 11.48
11.25 2.25 14.22
11.25 2.75 14.17
11.25 20.25 11.34
11.25 20.75 11.16
11.25 21.25 10.99
11.25 21.75 10.84
11.25 22.25 10.69
11.25 22.75 10.53
11.25 23.25 10.37
11.25 23.75 10.21
11.25 24.25 10.05
11.25 24.75 9.92
11.25 25.25 9.71
11.25 25.75 9.47
11.25 26.25 9.27
11.25 26.75 9.08
11.25 27.25 8.91
11.25 27.75 8.74
11.25 28.25 8.55
11.25 28.75 8.34
11.25 29.25 8.15
11.25 29.75 7.97
11.25 3.25 14.09
11.25 3.75 14.00
11.25 30.25 7.79
11.25 30.75 7.61
11.25 31.25 7.49
11.25 31.75 7.41
11.25 32.25 7.25
11.25 32.75 7.10
11.25 33.25 6.95
11.25 33.75 6.79
11.25 34.25 6.64
11.25 34.75 6.53
11.25 35.25 6.36
11.25 35.75 6.18
11.25 36.25 6.00
11.25 4.25 13.92
11.25 4.75 13.83
11.25 5.25 13.76
11.25 5.75 13.68
11.25 6.25 13.64
11.25 6.75 13.61
11.25 7.25 13.57
11.25 7.75 13.54
11.25 8.25 13.50
11.25 8.75 13.47
11.25 9.25 13.44
11.25 9.75 13.38
11.75 0.75 14.30
11.75 1.25 14.17
11.75 1.75 14.05
11.75 10.25 13.10
11.75 10.75 13.02
11.75 11.25 12.83
11.75 11.75 12.64
11.75 12.25 12.46
11.75 12.75 12.27
11.75 13.25 12.09
11.75 13.75 11.82
11.75 14.25 11.43
11.75 14.75 11.37
11.75 15.25 11.31
11.75 15.75 11.23
11.75 16.25 11.15
11.75 16.75 11.10
11.75 17.25 11.08
11.75 17.75 11.14
11.75 18.25 11.20
11.75 18.75 11.22
11.75 19.25 11.21
11.75 19.75 11.21
11.75 2.25 13.98
11.75 2.75 13.92
11.75 20.25 11.20
11.75 20.75 11.06
11.75 21.25 10.89
11.75 21.75 10.74
11.75 22.25 10.59
11.75 22.75 10.43
11.75 23.25 10.26
11.75 23.75 10.10
11.75 24.25 9.93
11.75 24.75 9.76
11.75 25.25 9.55
11.75 25.75 9.29
11.75 26.25 9.11
11.75 26.75 8.94
11.75 27.25 8.77
11.75 27.75 8.60
11.75 28.25 8.43
11.75 28.75 8.24
11.75 29.25 8.04
11.75 29.75 7.85
11.75 3.25 13.86
11.75 3.75 13.77
11.75 30.25 7.67
11.75 30.75 7.50
11.75 31.25 7.50
11.75 31.75 7.41
11.75 32.25 7.22
11.75 32.75 7.03
11.75 33.25 6.89
11.75 33.75 6.74
11.75 34.25 6.60
11.75 34.75 6.47
11.75 35.25 6.32
11.75 35.75 6.15
11.75 36.25 5.97
11.75 4.25 13.69
11.75 4.75 13.60
11.75 5.25 13.52
11.75 5.75 13.45
11.75 6.25 13.41
11.75 6.75 13.38
11.75 7.25 13.34
11.75 7.75 13.31
11.75 8.25 13.27
11.75 8.75 13.24
11.75 9.25 13.20
11.75 9.75 13.17
12.25 0.75 14.05
12.25 1.25 13.91
12.25 1.75 13.81
12.25 10.25 12.88
12.25 10.75 12.74
12.25 11.25 12.60
12.25 11.75 12.46
12.25 12.25 12.26
12.25 12.75 12.03
12.25 13.25 11.82
12.25 13.75 11.64
12.25 14.25 11.32
12.25 14.75 11.08
12.25 15.25 10.98
12.25 15.75 10.89
12.25 16.25 10.82
12.25 16.75 10.84
12.25 17.25 10.91
12.25 17.75 10.96
12.25 18.25 10.96
12.25 18.75 10.95
12.25 19.25 10.95
12.25 19.75 10.94
12.25 2.25 13.74
12.25 2.75 13.67
12.25 20.25 10.93
12.25 20.75 10.93
12.25 21.25 10.79
12.25 21.75 10.65
12.25 22.25 10.48
12.25 22.75 10.31
12.25 23.25 10.13
12.25 23.75 9.95
12.25 24.25 9.76
12.25 24.75 9.58
12.25 25.25 9.40
12.25 25.75 9.14
12.25 26.25 8.97
12.25 26.75 8.80
12.25 27.25 8.63
12.25 27.75 8.46
12.25 28.25 8.29
12.25 28.75 8.10
12.25 29.25 7.93
12.25 29.75 7.74
12.25 3.25 13.61
12.25 3.75 13.54
12.25 30.25 7.55
12.25 30.75 7.52
12.25 31.25 7.50
12.25 31.75 7.33
12.25 32.25 7.12
12.25 32.75 6.92
12.25 33.25 6.80
12.25 33.75 6.67
12.25 34.25 6.54
12.25 34.75 6.38
12.25 35.25 6.23
12.25 35.75 6.07
12.25 36.25 5.92
12.25 4.25 13.45
12.25 4.75 13.34
12.25 5.25 13.28
12.25 5.75 13.19
12.25 6.25 13.21
12.25 6.75 13.22
12.25 7.25 13.19
12.25 7.75 13.15
12.25 8.25 13.10
12.25 8.75 13.05
12.25 9.25 13.01
12.25 9.75 12.96
12.75 0.75 13.83
12.75 1.25 13.70
12.75 1.75 13.57
12.75 10.25 12.57
12.75 10.75 12.37
12.75 11.25 12.23
12.75 11.75 12.09
12.75 12.25 11.95
12.75 12.75 11.81
12.75 13.25 11.67
12.75 13.75 11.47
12.75 14.25 11.23
12.75 14.75 10.85
12.75 15.25 10.87
12.75 15.75 10.62
12.75 16.25 10.60
12.75 16.75 10.67
12.75 17.25 10.69
12.75 17.75 10.67
12.75 18.25 10.66
12.75 18.75 10.66
12.75 19.25 10.65
12.75 19.75 10.65
12.75 2.25 13.49
12.75 2.75 13.43
12.75 20.25 10.64
12.75 20.75 10.63
12.75 21.25 10.61
12.75 21.75 10.37
12.75 22.25 10.21
12.75 22.75 10.03
12.75 23.25 9.85
12.75 23.75 9.66
12.75 24.25 9.48
12.75 24.75 9.30
12.75 25.25 9.12
12.75 25.75 8.99
12.75 26.25 8.84
12.75 26.75 8.67
12.75 27.25 8.50
12.75 27.75 8.33
12.75 28.25 8.14
12.75 28.75 7.96
12.75 29.25 7.78
12.75 29.75 7.60
12.75 3.25 13.36
12.75 3.75 13.35
12.75 30.25 7.47
12.75 30.75 7.50
12.75 31.25 7.31
12.75 31.75 7.20
12.75 32.25 7.02
12.75 32.75 6.82
12.75 33.25 6.69
12.75 33.75 6.57
12.75 34.25 6.45
12.75 34.75 6.32
12.75 35.25 6.17
12.75 35.75 6.02
12.75 36.25 5.87
12.75 4.25 13.13
12.75 4.75 13.10
12.75 5.25 13.04
12.75 5.75 12.91
12.75 6.25 12.93
12.75 6.75 12.94
12.75 7.25 12.96
12.75 7.75 12.98
12.75 8.25 12.99
12.75 8.75 12.96
12.75 9.25 12.90
12.75 9.75 12.73
13.25 0.75 13.65
13.25 1.25 13.48
13.25 1.75 13.36
13.25 10.25 12.26
13.25 10.75 12.00
13.25 11.25 11.86
13.25 11.75 11.72
13.25 12.25 11.58
13.25 12.75 11.40
13.25 13.25 11.19
13.25 13.75 11.02
13.25 14.25 10.85
13.25 14.75 10.59
13.25 15.25 10.54
13.25 15.75 10.47
13.25 16.25 10.46
13.25 16.75 10.46
13.25 17.25 10.40
13.25 17.75 10.32
13.25 18.25 10.30
13.25 18.75 10.30
13.25 19.25 10.29
13.25 19.75 10.29
13.25 2.25 13.25
13.25 2.75 13.18
13.25 20.25 10.28
13.25 20.75 10.28
13.25 21.25 10.26
13.25 21.75 10.04
13.25 22.25 9.91
13.25 22.75 9.73
13.25 23.25 9.55
13.25 23.75 9.37
13.25 24.25 9.19
13.25 24.75 9.01
13.25 25.25 8.88
13.25 25.75 8.87
13.25 26.25 8.70
13.25 26.75 8.54
13.25 27.25 8.37
13.25 27.75 8.19
13.25 28.25 7.99
13.25 28.75 7.81
13.25 29.25 7.65
13.25 29.75 7.54
13.25 3.25 13.08
13.25 3.75 13.03
13.25 30.25 7.41
13.25 30.75 7.26
13.25 31.25 7.14
13.25 31.75 7.03
13.25 32.25 6.92
13.25 32.75 6.72
13.25 33.25 6.59
13.25 33.75 6.47
13.25 34.25 6.34
13.25 34.75 6.25
13.25 35.25 6.12
13.25 35.75 5.97
13.25 36.25 5.82
13.25 4.25 12.93
13.25 4.75 12.91
13.25 5.25 12.78
13.25 5.75 12.66
13.25 6.25 12.65
13.25 6.75 12.67
13.25 7.25 12.68
13.25 7.75 12.70
13.25 8.25 12.71
13.25 8.75 12.70
13.25 9.25 12.59
13.25 9.75 12.43
13.75 0.75 13.51
13.75 1.25 13.31
13.75 1.75 13.16
13.75 10.25 11.96
13.75 10.75 11.73
13.75 11.25 11.50
13.75 11.75 11.33
13.75 12.25 11.15
13.75 12.75 10.98
13.75 13.25 10.81
13.75 13.75 10.63
13.75 14.25 10.46
13.75 14.75 10.29
13.75 15.25 10.26
13.75 15.75 10.27
13.75 16.25 10.22
13.75 16.75 10.19
13.75 17.25 10.11
13.75 17.75 10.03
13.75 18.25 9.96
13.75 18.75 9.94
13.75 19.25 9.93
13.75 19.75 9.93
13.75 2.25 13.09
13.75 2.75 13.01
13.75 20.25 9.92
13.75 20.75 9.92
13.75 21.25 9.91
13.75 21.75 9.71
13.75 22.25 9.62
13.75 22.75 9.44
13.75 23.25 9.26
13.75 23.75 9.07
13.75 24.25 8.89
13.75 24.75 8.73
13.75 25.25 8.71
13.75 25.75 8.70
13.75 26.25 8.64
13.75 26.75 8.42
13.75 27.25 8.23
13.75 27.75 8.03
13.75 28.25 7.84
13.75 28.75 7.71
13.75 29.25 7.60
13.75 29.75 7.49
13.75 3.25 12.93
13.75 3.75 12.82
13.75 30.25 7.36
13.75 30.75 7.20
13.75 31.25 7.04
13.75 31.75 6.89
13.75 32.25 6.75
13.75 32.75 6.62
13.75 33.25 6.48
13.75 33.75 6.36
13.75 34.25 6.24
13.75 34.75 6.12
13.75 35.25 6.06
13.75 35.75 5.93
13.75 36.25 5.76
13.75 4.25 12.73
13.75 4.75 12.70
13.75 5.25 12.53
13.75 5.75 12.40
13.75 6.25 12.37
13.75 6.75 12.39
13.75 7.25 12.39
13.75 7.75 12.39
13.75 8.25 12.38
13.75 8.75 12.38
13.75 9.25 12.26
13.75 9.75 12.11
14.25 0.75 13.37
14.25 1.25 13.25
14.25 1.75 13.16
14.25 10.25 11.63
14.25 10.75 11.47
14.25 11.25 11.18
14.25 11.75 10.99
14.25 12.25 10.79
14.25 12.75 10.61
14.25 13.25 10.44
14.25 13.75 10.27
14.25 14.25 10.09
14.25 14.75 9.92
14.25 15.25 9.90
14.25 15.75 9.97
14.25 16.25 9.96
14.25 16.75 9.91
14.25 17.25 9.82
14.25 17.75 9.74
14.25 18.25 9.65
14.25 18.75 9.61
14.25 19.25 9.58
14.25 19.75 9.57
14.25 2.25 13.05
14.25 2.75 12.90
14.25 20.25 9.56
14.25 20.75 9.56
14.25 21.25 9.55
14.25 21.75 9.38
14.25 22.25 9.32
14.25 22.75 9.14
14.25 23.25 8.96
14.25 23.75 8.78
14.25 24.25 8.60
14.25 24.75 8.55
14.25 25.25 8.54
14.25 25.75 8.52
14.25 26.25 8.47
14.25 26.75 8.29
14.25 27.25 8.09
14.25 27.75 7.88
14.25 28.25 7.77
14.25 28.75 7.66
14.25 29.25 7.55
14.25 29.75 7.43
14.25 3.25 12.70
14.25 3.75 12.56
14.25 30.25 7.30
14.25 30.75 7.13
14.25 31.25 6.95
14.25 31.75 6.78
14.25 32.25 6.63
14.25 32.75 6.46
14.25 33.25 6.36
14.25 33.75 6.26
14.25 34.25 6.14
14.25 34.75 6.02
14.25 35.25 5.93
14.25 35.75 5.87
14.25 36.25 5.68
14.25 4.25 12.54
14.25 4.75 12.52
14.25 5.25 12.35
14.25 5.75 12.18
14.25 6.25 12.07
14.25 6.75 12.07
14.25 7.25 12.06
14.25 7.75 12.06
14.25 8.25 12.06
14.25 8.75 12.05
14.25 9.25 11.92
14.25 9.75 11.78
14.75 0.75 13.32
14.75 1.25 13.23
14.75 1.75 13.12
14.75 10.25 11.37
14.75 10.75 11.27
14.75 11.25 10.98
14.75 11.75 10.73
14.75 12.25 10.54
14.75 12.75 10.34
14.75 13.25 10.15
14.75 13.75 9.95
14.75 14.25 9.76
14.75 14.75 9.56
14.75 15.25 9.58
14.75 15.75 9.66
14.75 16.25 9.69
14.75 16.75 9.62
14.75 17.25 9.53
14.75 17.75 9.45
14.75 18.25 9.36
14.75 18.75 9.28
14.75 19.25 9.25
14.75 19.75 9.23
14.75 2.25 12.98
14.75 2.75 12.85
14.75 20.25 9.20
14.75 20.75 9.20
14.75 21.25 9.19
14.75 21.75 9.05
14.75 22.25 9.02
14.75 22.75 8.85
14.75 23.25 8.66
14.75 23.75 8.48
14.75 24.25 8.39
14.75 24.75 8.38
14.75 25.25 8.36
14.75 25.75 8.32
14.75 26.25 8.23
14.75 26.75 8.05
14.75 27.25 7.86
14.75 27.75 7.69
14.75 28.25 7.59
14.75 28.75 7.48
14.75 29.25 7.37
14.75 29.75 7.29
14.75 3.25 12.62
14.75 3.75 12.46
14.75 30.25 7.19
14.75 30.75 7.00
14.75 31.25 6.82
14.75 31.75 6.57
14.75 32.25 6.42
14.75 32.75 6.26
14.75 33.25 6.16
14.75 33.75 6.07
14.75 34.25 5.97
14.75 34.75 5.88
14.75 35.25 5.79
14.75 35.75 5.64
14.75 36.25 5.50
14.75 4.25 12.40
14.75 4.75 12.34
14.75 5.25 12.17
14.75 5.75 12.02
14.75 6.25 11.92
14.75 6.75 11.82
14.75 7.25 11.74
14.75 7.75 11.73
14.75 8.25 11.73
14.75 8.75 11.73
14.75 9.25 11.59
14.75 9.75 11.44
15.25 0.75 13.25
15.25 1.25 13.17
15.25 1.75 13.04
15.25 10.25 11.17
15.25 10.75 11.06
15.25 11.25 10.77
15.25 11.75 10.48
15.25 12.25 10.29
15.25 12.75 10.09
15.25 13.25 9.90
15.25 13.75 9.70
15.25 14.25 9.49
15.25 14.75 9.26
15.25 15.25 9.17
15.25 15.75 9.29
15.25 16.25 9.41
15.25 16.75 9.33
15.25 17.25 9.24
15.25 17.75 9.16
15.25 18.25 9.07
15.25 18.75 8.99
15.25 19.25 8.91
15.25 19.75 8.89
15.25 2.25 12.91
15.25 2.75 12.78
15.25 20.25 8.87
15.25 20.75 8.85
15.25 21.25 8.83
15.25 21.75 8.73
15.25 22.25 8.69
15.25 22.75 8.55
15.25 23.25 8.37
15.25 23.75 8.24
15.25 24.25 8.22
15.25 24.75 8.19
15.25 25.25 8.15
15.25 25.75 8.08
15.25 26.25 7.99
15.25 26.75 7.83
15.25 27.25 7.65
15.25 27.75 7.50
15.25 28.25 7.37
15.25 28.75 7.27
15.25 29.25 7.20
15.25 29.75 7.16
15.25 3.25 12.57
15.25 3.75 12.37
15.25 30.25 7.05
15.25 30.75 6.79
15.25 31.25 6.53
15.25 31.75 6.28
15.25 32.25 6.17
15.25 32.75 6.07
15.25 33.25 5.98
15.25 33.75 5.89
15.25 34.25 5.80
15.25 34.75 5.71
15.25 35.25 5.58
15.25 35.75 5.43
15.25 36.25 5.28
15.25 4.25 12.32
15.25 4.75 12.24
15.25 5.25 12.02
15.25 5.75 11.77
15.25 6.25 11.70
15.25 6.75 11.63
15.25 7.25 11.56
15.25 7.75 11.47
15.25 8.25 11.40
15.25 8.75 11.40
15.25 9.25 11.26
15.25 9.75 11.21
15.75 0.75 13.17
15.75 1.25 13.06
15.75 1.75 12.98
15.75 10.25 10.79
15.75 10.75 10.70
15.75 11.25 10.56
15.75 11.75 10.25
15.75 12.25 10.03
15.75 12.75 9.84
15.75 13.25 9.63
15.75 13.75 9.40
15.75 14.25 9.18
15.75 14.75 8.95
15.75 15.25 8.88
15.75 15.75 8.90
15.75 16.25 9.00
15.75 16.75 9.01
15.75 17.25 9.02
15.75 17.75 8.88
15.75 18.25 8.79
15.75 18.75 8.70
15.75 19.25 8.62
15.75 19.75 8.56
15.75 2.25 12.81
15.75 2.75 12.69
15.75 20.25 8.53
15.75 20.75 8.51
15.75 21.25 8.50
15.75 21.75 8.40
15.75 22.25 8.36
15.75 22.75 8.26
15.75 23.25 8.08
15.75 23.75 8.06
15.75 24.25 8.02
15.75 24.75 7.98
15.75 25.25 7.93
15.75 25.75 7.84
15.75 26.25 7.74
15.75 26.75 7.60
15.75 27.25 7.44
15.75 27.75 7.30
15.75 28.25 7.16
15.75 28.75 7.08
15.75 29.25 7.00
15.75 29.75 6.92
15.75 3.25 12.53
15.75 3.75 12.36
15.75 30.25 6.74
15.75 30.75 6.48
15.75 31.25 6.23
15.75 31.75 6.12
15.75 32.25 6.04
15.75 32.75 5.94
15.75 33.25 5.81
15.75 33.75 5.72
15.75 34.25 5.63
15.75 34.75 5.53
15.75 35.25 5.38
15.75 35.75 5.22
15.75 36.25 5.06
15.75 4.25 12.31
15.75 4.75 12.08
15.75 5.25 11.80
15.75 5.75 11.52
15.75 6.25 11.44
15.75 6.75 11.37
15.75 7.25 11.30
15.75 7.75 11.23
15.75 8.25 11.16
15.75 8.75 11.05
15.75 9.25 11.03
15.75 9.75 10.88
16.25 0.75 12.96
16.25 1.25 12.89
16.25 1.75 12.82
16.25 10.25 10.46
16.25 10.75 10.35
16.25 11.25 10.21
16.25 11.75 10.02
16.25 12.25 9.75
16.25 12.75 9.50
16.25 13.25 9.24
16.25 13.75 9.03
16.25 14.25 8.86
16.25 14.75 8.68
16.25 15.25 8.67
16.25 15.75 8.64
16.25 16.25 8.60
16.25 16.75 8.59
16.25 17.25 8.60
16.25 17.75 8.61
16.25 18.25 8.61
16.25 18.75 8.48
16.25 19.25 8.34
16.25 19.75 8.24
16.25 2.25 12.74
16.25 2.75 12.64
16.25 20.25 8.20
16.25 20.75 8.19
16.25 21.25 8.18
16.25 21.75 8.12
16.25 22.25 8.03
16.25 22.75 7.96
16.25 23.25 7.89
16.25 23.75 7.85
16.25 24.25 7.81
16.25 24.75 7.77
16.25 25.25 7.69
16.25 25.75 7.59
16.25 26.25 7.50
16.25 26.75 7.38
16.25 27.25 7.22
16.25 27.75 7.08
16.25 28.25 6.94
16.25 28.75 6.81
16.25 29.25 6.72
16.25 29.75 6.64
16.25 3.25 12.53
16.25 3.75 12.40
16.25 30.25 6.43
16.25 30.75 6.18
16.25 31.25 6.06
16.25 31.75 5.99
16.25 32.25 5.91
16.25 32.75 5.83
16.25 33.25 5.64
16.25 33.75 5.55
16.25 34.25 5.46
16.25 34.75 5.33
16.25 35.25 5.17
16.25 35.75 5.04
16.25 36.25 4.93
16.25 4.25 12.15
16.25 4.75 11.87
16.25 5.25 11.58
16.25 5.75 11.30
16.25 6.25 11.19
16.25 6.75 11.12
16.25 7.25 11.05
16.25 7.75 10.96
16.25 8.25 10.68
16.25 8.75 10.59
16.25 9.25 10.59
16.25 9.75 10.49
16.75 0.75 12.80
16.75 1.25 12.72
16.75 1.75 12.64
16.75 10.25 10.13
16.75 10.75 10.00
16.75 11.25 9.79
16.75 11.75 9.53
16.75 12.25 9.29
16.75 12.75 9.12
16.75 13.25 8.95
16.75 13.75 8.79
16.75 14.25 8.61
16.75 14.75 8.47
16.75 15.25 8.46
16.75 15.75 8.44
16.75 16.25 8.41
16.75 16.75 8.37
16.75 17.25 8.33
16.75 17.75 8.30
16.75 18.25 8.26
16.75 18.75 8.22
16.75 19.25 8.21
16.75 19.75 8.08
16.75 2.25 12.56
16.75 2.75 12.48
16.75 20.25 7.94
16.75 20.75 7.89
16.75 21.25 7.88
16.75 21.75 7.85
16.75 22.25 7.77
16.75 22.75 7.66
16.75 23.25 7.67
16.75 23.75 7.64
16.75 24.25 7.61
16.75 24.75 7.54
16.75 25.25 7.44
16.75 25.75 7.34
16.75 26.25 7.22
16.75 26.75 7.12
16.75 27.25 7.03
16.75 27.75 6.88
16.75 28.25 6.72
16.75 28.75 6.57
16.75 29.25 6.45
16.75 29.75 6.36
16.75 3.25 12.41
16.75 3.75 12.23
16.75 30.25 6.13
16.75 30.75 6.00
16.75 31.25 5.92
16.75 31.75 5.85
16.75 32.25 5.78
16.75 32.75 5.71
16.75 33.25 5.54
16.75 33.75 5.38
16.75 34.25 5.28
16.75 34.75 5.13
16.75 35.25 5.02
16.75 35.75 4.91
16.75 36.25 4.81
16.75 4.25 11.97
16.75 4.75 11.67
16.75 5.25 11.37
16.75 5.75 11.08
16.75 6.25 10.93
16.75 6.75 10.86
16.75 7.25 10.64
16.75 7.75 10.36
16.75 8.25 10.08
16.75 8.75 10.14
16.75 9.25 10.19
16.75 9.75 10.16
17.25 0.75 12.61
17.25 1.25 12.53
17.25 1.75 12.45
17.25 10.25 9.78
17.25 10.75 9.55
17.25 11.25 9.36
17.25 11.75 9.18
17.25 12.25 9.03
17.25 12.75 8.88
17.25 13.25 8.71
17.25 13.75 8.54
17.25 14.25 8.35
17.25 14.75 8.25
17.25 15.25 8.25
17.25 15.75 8.24
17.25 16.25 8.21
17.25 16.75 8.17
17.25 17.25 8.13
17.25 17.75 8.09
17.25 18.25 8.06
17.25 18.75 8.02
17.25 19.25 7.98
17.25 19.75 7.91
17.25 2.25 12.37
17.25 2.75 12.28
17.25 20.25 7.80
17.25 20.75 7.68
17.25 21.25 7.58
17.25 21.75 7.57
17.25 22.25 7.47
17.25 22.75 7.35
17.25 23.25 7.33
17.25 23.75 7.38
17.25 24.25 7.33
17.25 24.75 7.26
17.25 25.25 7.16
17.25 25.75 7.05
17.25 26.25 6.90
17.25 26.75 6.82
17.25 27.25 6.76
17.25 27.75 6.70
17.25 28.25 6.52
17.25 28.75 6.34
17.25 29.25 6.19
17.25 29.75 6.08
17.25 3.25 12.21
17.25 3.75 12.05
17.25 30.25 5.93
17.25 30.75 5.86
17.25 31.25 5.77
17.25 31.75 5.65
17.25 32.25 5.54
17.25 32.75 5.54
17.25 33.25 5.43
17.25 33.75 5.24
17.25 34.25 5.10
17.25 34.75 4.98
17.25 35.25 4.87
17.25 35.75 4.75
17.25 36.25 4.67
17.25 4.25 11.80
17.25 4.75 11.49
17.25 5.25 11.19
17.25 5.75 10.88
17.25 6.25 10.60
17.25 6.75 10.32
17.25 7.25 10.04
17.25 7.75 9.76
17.25 8.25 9.61
17.25 8.75 9.79
17.25 9.25 9.83
17.25 9.75 9.84
17.75 0.75 12.42
17.75 1.25 12.34
17.75 1.75 12.26
17.75 10.25 9.46
17.75 10.75 9.26
17.75 11.25 9.07
17.75 11.75 8.89
17.75 12.25 8.73
17.75 12.75 8.63
17.75 13.25 8.47
17.75 13.75 8.28
17.75 14.25 8.09
17.75 14.75 8.04
17.75 15.25 8.04
17.75 15.75 8.04
17.75 16.25 8.00
17.75 16.75 7.96
17.75 17.25 7.92
17.75 17.75 7.88
17.75 18.25 7.84
17.75 18.75 7.80
17.75 19.25 7.76
17.75 19.75 7.72
17.75 2.25 12.18
17.75 2.75 12.08
17.75 20.25 7.61
17.75 20.75 7.50
17.75 21.25 7.39
17.75 21.75 7.28
17.75 22.25 7.16
17.75 22.75 7.04
17.75 23.25 6.98
17.75 23.75 7.08
17.75 24.25 7.04
17.75 24.75 6.98
17.75 25.25 6.88
17.75 25.75 6.68
17.75 26.25 6.61
17.75 26.75 6.54
17.75 27.25 6.44
17.75 27.75 6.34
17.75 28.25 6.22
17.75 28.75 6.09
17.75 29.25 5.96
17.75 29.75 5.78
17.75 3.25 12.00
17.75 3.75 11.87
17.75 30.25 5.67
17.75 30.75 5.56
17.75 31.25 5.44
17.75 31.75 5.36
17.75 32.25 5.38
17.75 32.75 5.40
17.75 33.25 5.32
17.75 33.75 5.15
17.75 34.25 5.02
17.75 34.75 4.98
17.75 35.25 4.85
17.75 35.75 4.67
17.75 36.25 4.54
17.75 4.25 11.63
17.75 4.75 11.32
17.75 5.25 11.02
17.75 5.75 10.71
17.75 6.25 10.45
17.75 6.75 10.22
17.75 7.25 9.93
17.75 7.75 9.67
17.75 8.25 9.53
17.75 8.75 9.52
17.75 9.25 9.46
17.75 9.75 9.50
18.25 0.75 12.23
18.25 1.25 12.15
18.25 1.75 12.07
18.25 10.25 9.21
18.25 10.75 9.00
18.25 11.25 8.79
18.25 11.75 8.60
18.25 12.25 8.44
18.25 12.75 8.34
18.25 13.25 8.22
18.25 13.75 8.02
18.25 14.25 7.84
18.25 14.75 7.85
18.25 15.25 7.87
18.25 15.75 7.84
18.25 16.25 7.79
18.25 16.75 7.75
18.25 17.25 7.71
18.25 17.75 7.67
18.25 18.25 7.63
18.25 18.75 7.59
18.25 19.25 7.55
18.25 19.75 7.51
18.25 2.25 11.99
18.25 2.75 11.88
18.25 20.25 7.42
18.25 20.75 7.31
18.25 21.25 7.20
18.25 21.75 7.09
18.25 22.25 6.98
18.25 22.75 6.86
18.25 23.25 6.80
18.25 23.75 6.81
18.25 24.25 6.78
18.25 24.75 6.71
18.25 25.25 6.56
18.25 25.75 6.37
18.25 26.25 6.23
18.25 26.75 6.12
18.25 27.25 6.02
18.25 27.75 5.92
18.25 28.25 5.81
18.25 28.75 5.68
18.25 29.25 5.55
18.25 29.75 5.41
18.25 3.25 11.80
18.25 3.75 11.68
18.25 30.25 5.35
18.25 30.75 5.23
18.25 31.25 5.20
18.25 31.75 5.22
18.25 32.25 5.24
18.25 32.75 5.26
18.25 33.25 5.21
18.25 33.75 5.09
18.25 34.25 4.97
18.25 34.75 4.86
18.25 35.25 4.73
18.25 35.75 4.59
18.25 36.25 4.45
18.25 4.25 11.46
18.25 4.75 11.15
18.25 5.25 10.84
18.25 5.75 10.53
18.25 6.25 10.28
18.25 6.75 10.09
18.25 7.25 9.86
18.25 7.75 9.52
18.25 8.25 9.32
18.25 8.75 9.26
18.25 9.25 9.16
18.25 9.75 9.06
18.75 0.75 12.10
18.75 1.25 11.96
18.75 1.75 11.88
18.75 10.25 8.88
18.75 10.75 8.73
18.75 11.25 8.49
18.75 11.75 8.26
18.75 12.25 8.14
18.75 12.75 8.03
18.75 13.25 7.91
18.75 13.75 7.73
18.75 14.25 7.66
18.75 14.75 7.68
18.75 15.25 7.67
18.75 15.75 7.63
18.75 16.25 7.59
18.75 16.75 7.55
18.75 17.25 7.50
18.75 17.75 7.46
18.75 18.25 7.42
18.75 18.75 7.37
18.75 19.25 7.34
18.75 19.75 7.30
18.75 2.25 11.79
18.75 2.75 11.68
18.75 20.25 7.23
18.75 20.75 7.12
18.75 21.25 7.01
18.75 21.75 6.91
18.75 22.25 6.80
18.75 22.75 6.68
18.75 23.25 6.64
18.75 23.75 6.58
18.75 24.25 6.51
18.75 24.75 6.39
18.75 25.25 6.25
18.75 25.75 6.11
18.75 26.25 5.97
18.75 26.75 5.83
18.75 27.25 5.69
18.75 27.75 5.55
18.75 28.25 5.41
18.75 28.75 5.28
18.75 29.25 5.16
18.75 29.75 5.03
18.75 3.25 11.59
18.75 3.75 11.48
18.75 30.25 5.02
18.75 30.75 5.04
18.75 31.25 5.05
18.75 31.75 5.06
18.75 32.25 5.07
18.75 32.75 5.08
18.75 33.25 5.04
18.75 33.75 4.93
18.75 34.25 4.78
18.75 34.75 4.67
18.75 35.25 4.53
18.75 35.75 4.40
18.75 36.25 4.32
18.75 4.25 11.29
18.75 4.75 10.98
18.75 5.25 10.67
18.75 5.75 10.36
18.75 6.25 10.12
18.75 6.75 9.92
18.75 7.25 9.72
18.75 7.75 9.44
18.75 8.25 9.12
18.75 8.75 9.00
18.75 9.25 8.85
18.75 9.75 8.76
19.25 0.75 11.99
19.25 1.25 11.81
19.25 1.75 11.69
19.25 10.25 8.20
19.25 10.75 8.13
19.25 11.25 7.97
19.25 11.75 7.92
19.25 12.25 7.86
19.25 12.75 7.73
19.25 13.25 7.61
19.25 13.75 7.47
19.25 14.25 7.49
19.25 14.75 7.51
19.25 15.25 7.47
19.25 15.75 7.43
19.25 16.25 7.38
19.25 16.75 7.34
19.25 17.25 7.30
19.25 17.75 7.25
19.25 18.25 7.21
19.25 18.75 7.17
19.25 19.25 7.12
19.25 19.75 7.08
19.25 2.25 11.60
19.25 2.75 11.49
19.25 20.25 7.03
19.25 20.75 6.93
19.25 21.25 6.83
19.25 21.75 6.72
19.25 22.25 6.62
19.25 22.75 6.50
19.25 23.25 6.48
19.25 23.75 6.36
19.25 24.25 6.24
19.25 24.75 6.11
19.25 25.25 5.97
19.25 25.75 5.82
19.25 26.25 5.70
19.25 26.75 5.56
19.25 27.25 5.42
19.25 27.75 5.27
19.25 28.25 5.13
19.25 28.75 5.01
19.25 29.25 4.90
19.25 29.75 4.85
19.25 3.25 11.39
19.25 3.75 11.27
19.25 30.25 4.80
19.25 30.75 4.81
19.25 31.25 4.82
19.25 31.75 4.83
19.25 32.25 4.84
19.25 32.75 4.84
19.25 33.25 4.74
19.25 33.75 4.65
19.25 34.25 4.56
19.25 34.75 4.47
19.25 35.25 4.34
19.25 35.75 4.21
19.25 36.25 4.14
19.25 4.25 11.12
19.25 4.75 10.81
19.25 5.25 10.50
19.25 5.75 10.19
19.25 6.25 9.95
19.25 6.75 9.79
19.25 7.25 9.64
19.25 7.75 9.34
19.25 8.25 8.86
19.25 8.75 8.70
19.25 9.25 8.54
19.25 9.75 8.40
19.75 0.75 11.94
19.75 1.25 11.72
19.75 1.75 11.52
19.75 10.25 7.91
19.75 10.75 7.77
19.75 11.25 7.70
19.75 11.75 7.69
19.75 12.25 7.60
19.75 12.75 7.44
19.75 13.25 7.30
19.75 13.75 7.31
19.75 14.25 7.32
19.75 14.75 7.30
19.75 15.25 7.26
19.75 15.75 7.22
19.75 16.25 7.18
19.75 16.75 7.13
19.75 17.25 7.09
19.75 17.75 7.05
19.75 18.25 7.00
19.75 18.75 6.96
19.75 19.25 6.92
19.75 19.75 6.88
19.75 2.25 11.41
19.75 2.75 11.29
19.75 20.25 6.83
19.75 20.75 6.74
19.75 21.25 6.64
19.75 21.75 6.54
19.75 22.25 6.43
19.75 22.75 6.32
19.75 23.25 6.25
19.75 23.75 6.13
19.75 24.25 5.99
19.75 24.75 5.80
19.75 25.25 5.62
19.75 25.75 5.47
19.75 26.25 5.36
19.75 26.75 5.25
19.75 27.25 5.14
19.75 27.75 5.00
19.75 28.25 4.86
19.75 28.75 4.77
19.75 29.25 4.68
19.75 29.75 4.58
19.75 3.25 11.18
19.75 3.75 11.06
19.75 30.25 4.58
19.75 30.75 4.58
19.75 31.25 4.59
19.75 31.75 4.60
19.75 32.25 4.60
19.75 32.75 4.55
19.75 33.25 4.45
19.75 33.75 4.35
19.75 34.25 4.26
19.75 34.75 4.26
19.75 35.25 4.16
19.75 35.75 4.03
19.75 36.25 3.90
19.75 4.25 10.94
19.75 4.75 10.68
19.75 5.25 10.36
19.75 5.75 10.07
19.75 6.25 9.99
19.75 6.75 9.78
19.75 7.25 9.48
19.75 7.75 9.18
19.75 8.25 8.73
19.75 8.75 8.36
19.75 9.25 8.22
19.75 9.75 8.11
20.25 0.75 11.88
20.25 1.25 11.65
20.25 1.75 11.43
20.25 10.25 7.75
20.25 10.75 7.67
20.25 11.25 7.59
20.25 11.75 7.52
20.25 12.25 7.37
20.25 12.75 7.21
20.25 13.25 7.07
20.25 13.75 7.11
20.25 14.25 7.14
20.25 14.75 7.10
20.25 15.25 7.06
20.25 15.75 7.01
20.25 16.25 6.97
20.25 16.75 6.93
20.25 17.25 6.89
20.25 17.75 6.84
20.25 18.25 6.80
20.25 18.75 6.76
20.25 19.25 6.68
20.25 19.75 6.59
20.25 2.25 11.29
20.25 2.75 11.19
20.25 20.25 6.51
20.25 20.75 6.48
20.25 21.25 6.46
20.25 21.75 6.36
20.25 22.25 6.25
20.25 22.75 6.14
20.25 23.25 6.01
20.25 23.75 5.86
20.25 24.25 5.70
20.25 24.75 5.51
20.25 25.25 5.33
20.25 25.75 5.15
20.25 26.25 5.05
20.25 26.75 4.95
20.25 27.25 4.85
20.25 27.75 4.74
20.25 28.25 4.60
20.25 28.75 4.51
20.25 29.25 4.41
20.25 29.75 4.36
20.25 3.25 11.06
20.25 3.75 10.90
20.25 30.25 4.36
20.25 30.75 4.36
20.25 31.25 4.35
20.25 31.75 4.35
20.25 32.25 4.35
20.25 32.75 4.26
20.25 33.25 4.15
20.25 33.75 4.05
20.25 34.25 3.95
20.25 34.75 3.96
20.25 35.25 3.97
20.25 35.75 3.86
20.25 36.25 3.66
20.25 4.25 10.74
20.25 4.75 10.55
20.25 5.25 10.33
20.25 5.75 10.12
20.25 6.25 9.89
20.25 6.75 9.59
20.25 7.25 9.29
20.25 7.75 8.98
20.25 8.25 8.60
20.25 8.75 8.06
20.25 9.25 7.91
20.25 9.75 7.82
20.75 0.75 11.74
20.75 1.25 11.51
20.75 1.75 11.36
20.75 10.25 7.60
20.75 10.75 7.53
20.75 11.25 7.45
20.75 11.75 7.36
20.75 12.25 7.22
20.75 12.75 7.07
20.75 13.25 6.93
20.75 13.75 6.91
20.75 14.25 6.93
20.75 14.75 6.89
20.75 15.25 6.85
20.75 15.75 6.81
20.75 16.25 6.77
20.75 16.75 6.72
20.75 17.25 6.68
20.75 17.75 6.61
20.75 18.25 6.52
20.75 18.75 6.44
20.75 19.25 6.35
20.75 19.75 6.26
20.75 2.25 11.25
20.75 2.75 11.12
20.75 20.25 6.18
20.75 20.75 6.16
20.75 21.25 6.14
20.75 21.75 6.17
20.75 22.25 6.08
20.75 22.75 5.92
20.75 23.25 5.76
20.75 23.75 5.61
20.75 24.25 5.57
20.75 24.75 5.38
20.75 25.25 5.20
20.75 25.75 5.02
20.75 26.25 4.91
20.75 26.75 4.81
20.75 27.25 4.68
20.75 27.75 4.52
20.75 28.25 4.37
20.75 28.75 4.26
20.75 29.25 4.15
20.75 29.75 4.13
20.75 3.25 10.93
20.75 3.75 10.74
20.75 30.25 4.16
20.75 30.75 4.18
20.75 31.25 4.21
20.75 31.75 4.10
20.75 32.25 4.06
20.75 32.75 3.96
20.75 33.25 3.86
20.75 33.75 3.76
20.75 34.25 3.66
20.75 34.75 3.67
20.75 35.25 3.74
20.75 35.75 3.64
20.75 36.25 3.43
20.75 4.25 10.56
20.75 4.75 10.35
20.75 5.25 10.13
20.75 5.75 9.90
20.75 6.25 9.66
20.75 6.75 9.36
20.75 7.25 9.08
20.75 7.75 8.80
20.75 8.25 8.43
20.75 8.75 7.99
20.75 9.25 7.86
20.75 9.75 7.70
21.25 0.75 11.60
21.25 1.25 11.43
21.25 1.75 11.25
21.25 10.25 7.46
21.25 10.75 7.38
21.25 11.25 7.30
21.25 11.75 7.21
21.25 12.25 7.07
21.25 12.75 6.92
21.25 13.25 6.78
21.25 13.75 6.82
21.25 14.25 6.75
21.25 14.75 6.69
21.25 15.25 6.65
21.25 15.75 6.60
21.25 16.25 6.54
21.25 16.75 6.45
21.25 17.25 6.36
21.25 17.75 6.28
21.25 18.25 6.19
21.25 18.75 6.11
21.25 19.25 6.02
21.25 19.75 5.94
21.25 2.25 11.06
21.25 2.75 10.88
21.25 20.25 5.86
21.25 20.75 5.91
21.25 21.25 5.97
21.25 21.75 5.98
21.25 22.25 5.87
21.25 22.75 5.69
21.25 23.25 5.51
21.25 23.75 5.47
21.25 24.25 5.43
21.25 24.75 5.25
21.25 25.25 5.07
21.25 25.75 4.88
21.25 26.25 4.76
21.25 26.75 4.61
21.25 27.25 4.44
21.25 27.75 4.28
21.25 28.25 4.14
21.25 28.75 4.03
21.25 29.25 3.93
21.25 29.75 3.98
21.25 3.25 10.70
21.25 3.75 10.51
21.25 30.25 4.01
21.25 30.75 4.04
21.25 31.25 3.90
21.25 31.75 3.85
21.25 32.25 3.77
21.25 32.75 3.68
21.25 33.25 3.58
21.25 33.75 3.48
21.25 34.25 3.38
21.25 34.75 3.34
21.25 35.25 3.51
21.25 35.75 3.37
21.25 36.25 3.19
21.25 4.25 10.32
21.25 4.75 10.11
21.25 5.25 9.88
21.25 5.75 9.66
21.25 6.25 9.45
21.25 6.75 9.22
21.25 7.25 8.93
21.25 7.75 8.65
21.25 8.25 8.34
21.25 8.75 7.95
21.25 9.25 7.82
21.25 9.75 7.58
21.75 0.75 11.45
21.75 1.25 11.19
21.75 1.75 11.01
21.75 10.25 7.31
21.75 10.75 7.24
21.75 11.25 7.15
21.75 11.75 7.06
21.75 12.25 6.91
21.75 12.75 6.77
21.75 13.25 6.64
21.75 13.75 6.57
21.75 14.25 6.60
21.75 14.75 6.52
21.75 15.25 6.45
21.75 15.75 6.37
21.75 16.25 6.29
21.75 16.75 6.22
21.75 17.25 6.14
21.75 17.75 6.07
21.75 18.25 5.99
21.75 18.75 5.92
21.75 19.25 5.84
21.75 19.75 5.77
21.75 2.25 10.83
21.75 2.75 10.64
21.75 20.25 5.71
21.75 20.75 5.75
21.75 21.25 5.79
21.75 21.75 5.80
21.75 22.25 5.61
21.75 22.75 5.44
21.75 23.25 5.27
21.75 23.75 5.24
21.75 24.25 5.21
21.75 24.75 5.02
21.75 25.25 4.82
21.75 25.75 4.61
21.75 26.25 4.53
21.75 26.75 4.37
21.75 27.25 4.21
21.75 27.75 4.04
21.75 28.25 3.91
21.75 28.75 3.80
21.75 29.25 3.72
21.75 29.75 3.80
21.75 3.25 10.46
21.75 3.75 10.27
21.75 30.25 3.83
21.75 30.75 3.69
21.75 31.25 3.64
21.75 31.75 3.61
21.75 32.25 3.50
21.75 32.75 3.41
21.75 33.25 3.31
21.75 33.75 3.21
21.75 34.25 3.11
21.75 34.75 3.06
21.75 35.25 3.15
21.75 35.75 3.06
21.75 36.25 2.92
21.75 4.25 10.09
21.75 4.75 9.87
21.75 5.25 9.64
21.75 5.75 9.42
21.75 6.25 9.22
21.75 6.75 9.01
21.75 7.25 8.77
21.75 7.75 8.43
21.75 8.25 8.24
21.75 8.75 7.91
21.75 9.25 7.70
21.75 9.75 7.45
22.25 0.75 11.29
22.25 1.25 11.00
22.25 1.75 10.77
22.25 10.25 7.17
22.25 10.75 7.09
22.25 11.25 6.99
22.25 11.75 6.90
22.25 12.25 6.76
22.25 12.75 6.63
22.25 13.25 6.51
22.25 13.75 6.38
22.25 14.25 6.38
22.25 14.75 6.30
22.25 15.25 6.26
22.25 15.75 6.23
22.25 16.25 6.14
22.25 16.75 6.07
22.25 17.25 5.99
22.25 17.75 5.91
22.25 18.25 5.84
22.25 18.75 5.76
22.25 19.25 5.69
22.25 19.75 5.61
22.25 2.25 10.59
22.25 2.75 10.41
22.25 20.25 5.58
22.25 20.75 5.61
22.25 21.25 5.64
22.25 21.75 5.56
22.25 22.25 5.40
22.25 22.75 5.20
22.25 23.25 5.03
22.25 23.75 4.99
22.25 24.25 4.94
22.25 24.75 4.76
22.25 25.25 4.55
22.25 25.75 4.35
22.25 26.25 4.29
22.25 26.75 4.14
22.25 27.25 3.97
22.25 27.75 3.80
22.25 28.25 3.68
22.25 28.75 3.59
22.25 29.25 3.51
22.25 29.75 3.61
22.25 3.25 10.22
22.25 3.75 10.04
22.25 30.25 3.50
22.25 30.75 3.45
22.25 31.25 3.44
22.25 31.75 3.34
22.25 32.25 3.23
22.25 32.75 3.14
22.25 33.25 3.04
22.25 33.75 2.94
22.25 34.25 2.84
22.25 34.75 2.84
22.25 35.25 2.76
22.25 35.75 2.67
22.25 36.25 2.58
22.25 4.25 9.85
22.25 4.75 9.62
22.25 5.25 9.39
22.25 5.75 9.19
22.25 6.25 8.99
22.25 6.75 8.76
22.25 7.25 8.52
22.25 7.75 8.15
22.25 8.25 7.97
22.25 8.75 7.79
22.25 9.25 7.58
22.25 9.75 7.33
22.75 0.75 11.13
22.75 1.25 10.84
22.75 1.75 10.55
22.75 10.25 7.02
22.75 10.75 6.93
22.75 11.25 6.84
22.75 11.75 6.75
22.75 12.25 6.61
22.75 12.75 6.49
22.75 13.25 6.37
22.75 13.75 6.24
22.75 14.25 6.14
22.75 14.75 6.11
22.75 15.25 6.07
22.75 15.75 6.04
22.75 16.25 6.02
22.75 16.75 5.93
22.75 17.25 5.84
22.75 17.75 5.76
22.75 18.25 5.69
22.75 18.75 5.61
22.75 19.25 5.54
22.75 19.75 5.47
22.75 2.25 10.35
22.75 2.75 10.17
22.75 20.25 5.44
22.75 20.75 5.47
22.75 21.25 5.37
22.75 21.75 5.26
22.75 22.25 5.11
22.75 22.75 4.92
22.75 23.25 4.82
22.75 23.75 4.77
22.75 24.25 4.75
22.75 24.75 4.55
22.75 25.25 4.37
22.75 25.75 4.23
22.75 26.25 4.16
22.75 26.75 3.97
22.75 27.25 3.79
22.75 27.75 3.60
22.75 28.25 3.48
22.75 28.75 3.38
22.75 29.25 3.29
22.75 29.75 3.29
22.75 3.25 9.99
22.75 3.75 9.80
22.75 30.25 3.26
22.75 30.75 3.21
22.75 31.25 3.11
22.75 31.75 3.01
22.75 32.25 2.94
22.75 32.75 2.86
22.75 33.25 2.77
22.75 33.75 2.67
22.75 34.25 2.55
22.75 34.75 2.48
22.75 35.25 2.43
22.75 35.75 2.34
22.75 36.25 2.24
22.75 4.25 9.60
22.75 4.75 9.38
22.75 5.25 9.16
22.75 5.75 8.96
22.75 6.25 8.74
22.75 6.75 8.49
22.75 7.25 8.24
22.75 7.75 7.88
22.75 8.25 7.67
22.75 8.75 7.51
22.75 9.25 7.35
22.75 9.75 7.20
23.25 0.75 10.96
23.25 1.25 10.67
23.25 1.75 10.38
23.25 10.25 6.92
23.25 10.75 6.82
23.25 11.25 6.72
23.25 11.75 6.61
23.25 12.25 6.46
23.25 12.75 6.33
23.25 13.25 6.20
23.25 13.75 6.08
23.25 14.25 5.99
23.25 14.75 5.92
23.25 15.25 5.89
23.25 15.75 5.85
23.25 16.25 5.86
23.25 16.75 5.80
23.25 17.25 5.71
23.25 17.75 5.62
23.25 18.25 5.54
23.25 18.75 5.46
23.25 19.25 5.39
23.25 19.75 5.34
23.25 2.25 10.12
23.25 2.75 9.93
23.25 20.25 5.29
23.25 20.75 5.17
23.25 21.25 5.06
23.25 21.75 4.96
23.25 22.25 4.83
23.25 22.75 4.68
23.25 23.25 4.62
23.25 23.75 4.57
23.25 24.25 4.51
23.25 24.75 4.39
23.25 25.25 4.25
23.25 25.75 4.11
23.25 26.25 4.01
23.25 26.75 3.82
23.25 27.25 3.64
23.25 27.75 3.47
23.25 28.25 3.31
23.25 28.75 3.22
23.25 29.25 3.13
23.25 29.75 3.15
23.25 3.25 9.75
23.25 3.75 9.56
23.25 30.25 3.06
23.25 30.75 2.85
23.25 31.25 2.76
23.25 31.75 2.68
23.25 32.25 2.59
23.25 32.75 2.50
23.25 33.25 2.42
23.25 33.75 2.32
23.25 34.25 2.20
23.25 34.75 2.14
23.25 35.25 2.08
23.25 35.75 2.02
23.25 36.25 1.92
23.25 4.25 9.36
23.25 4.75 9.13
23.25 5.25 8.93
23.25 5.75 8.71
23.25 6.25 8.46
23.25 6.75 8.22
23.25 7.25 7.97
23.25 7.75 7.62
23.25 8.25 7.38
23.25 8.75 7.22
23.25 9.25 7.07
23.25 9.75 7.00
23.75 0.75 10.80
23.75 1.25 10.51
23.75 1.75 10.22
23.75 10.25 6.84
23.75 10.75 6.71
23.75 11.25 6.60
23.75 11.75 6.49
23.75 12.25 6.27
23.75 12.75 6.15
23.75 13.25 6.04
23.75 13.75 5.95
23.75 14.25 5.85
23.75 14.75 5.79
23.75 15.25 5.72
23.75 15.75 5.66
23.75 16.25 5.63
23.75 16.75 5.67
23.75 17.25 5.59
23.75 17.75 5.50
23.75 18.25 5.41
23.75 18.75 5.32
23.75 19.25 5.24
23.75 19.75 5.18
23.75 2.25 9.93
23.75 2.75 9.70
23.75 20.25 5.11
23.75 20.75 4.99
23.75 21.25 4.84
23.75 21.75 4.68
23.75 22.25 4.54
23.75 22.75 4.48
23.75 23.25 4.42
23.75 23.75 4.37
23.75 24.25 4.32
23.75 24.75 4.24
23.75 25.25 4.14
23.75 25.75 4.00
23.75 26.25 3.85
23.75 26.75 3.68
23.75 27.25 3.51
23.75 27.75 3.34
23.75 28.25 3.17
23.75 28.75 3.06
23.75 29.25 2.97
23.75 29.75 2.90
23.75 3.25 9.52
23.75 3.75 9.33
23.75 30.25 2.82
23.75 30.75 2.52
23.75 31.25 2.37
23.75 31.75 2.29
23.75 32.25 2.21
23.75 32.75 2.12
23.75 33.25 2.04
23.75 33.75 1.95
23.75 34.25 1.86
23.75 34.75 1.80
23.75 35.25 1.73
23.75 35.75 1.67
23.75 36.25 1.61
23.75 4.25 9.11
23.75 4.75 8.90
23.75 5.25 8.68
23.75 5.75 8.44
23.75 6.25 8.19
23.75 6.75 7.95
23.75 7.25 7.70
23.75 7.75 7.40
23.75 8.25 7.12
23.75 8.75 7.06
23.75 9.25 7.00
23.75 9.75 6.95
24.25 0.75 10.63
24.25 1.25 10.34
24.25 1.75 10.05
24.25 10.25 6.77
24.25 10.75 6.62
24.25 11.25 6.48
24.25 11.75 6.37
24.25 12.25 6.10
24.25 12.75 6.00
24.25 13.25 5.90
24.25 13.75 5.81
24.25 14.25 5.72
24.25 14.75 5.65
24.25 15.25 5.58
24.25 15.75 5.51
24.25 16.25 5.45
24.25 16.75 5.42
24.25 17.25 5.45
24.25 17.75 5.38
24.25 18.25 5.27
24.25 18.75 5.17
24.25 19.25 5.07
24.25 19.75 5.01
24.25 2.25 9.77
24.25 2.75 9.48
24.25 20.25 4.93
24.25 20.75 4.80
24.25 21.25 4.68
24.25 21.75 4.53
24.25 22.25 4.38
24.25 22.75 4.29
24.25 23.25 4.23
24.25 23.75 4.18
24.25 24.25 4.14
24.25 24.75 4.05
24.25 25.25 3.97
24.25 25.75 3.88
24.25 26.25 3.69
24.25 26.75 3.50
24.25 27.25 3.31
24.25 27.75 3.12
24.25 28.25 2.93
24.25 28.75 2.83
24.25 29.25 2.73
24.25 29.75 2.65
24.25 3.25 9.28
24.25 3.75 9.09
24.25 30.25 2.59
24.25 30.75 2.28
24.25 31.25 1.98
24.25 31.75 1.90
24.25 32.25 1.81
24.25 32.75 1.70
24.25 33.25 1.61
24.25 33.75 1.57
24.25 34.25 1.51
24.25 34.75 1.45
24.25 35.25 1.39
24.25 35.75 1.33
24.25 36.25 1.27
24.25 4.25 8.87
24.25 4.75 8.66
24.25 5.25 8.41
24.25 5.75 8.17
24.25 6.25 7.92
24.25 6.75 7.67
24.25 7.25 7.46
24.25 7.75 7.30
24.25 8.25 7.14
24.25 8.75 7.05
24.25 9.25 7.00
24.25 9.75 6.92
24.75 0.75 10.50
24.75 1.25 10.21
24.75 1.75 9.90
24.75 10.25 6.70
24.75 10.75 6.55
24.75 11.25 6.40
24.75 11.75 6.26
24.75 12.25 6.08
24.75 12.75 5.91
24.75 13.25 5.77
24.75 13.75 5.67
24.75 14.25 5.58
24.75 14.75 5.51
24.75 15.25 5.45
24.75 15.75 5.38
24.75 16.25 5.31
24.75 16.75 5.24
24.75 17.25 5.19
24.75 17.75 5.17
24.75 18.25 5.12
24.75 18.75 5.01
24.75 19.25 4.91
24.75 19.75 4.84
24.75 2.25 9.60
24.75 2.75 9.31
24.75 20.25 4.75
24.75 20.75 4.62
24.75 21.25 4.49
24.75 21.75 4.37
24.75 22.25 4.23
24.75 22.75 4.15
24.75 23.25 4.07
24.75 23.75 3.99
24.75 24.25 3.95
24.75 24.75 3.87
24.75 25.25 3.79
24.75 25.75 3.72
24.75 26.25 3.52
24.75 26.75 3.32
24.75 27.25 3.12
24.75 27.75 2.92
24.75 28.25 2.70
24.75 28.75 2.58
24.75 29.25 2.49
24.75 29.75 2.39
24.75 3.25 9.04
24.75 3.75 8.85
24.75 30.25 2.33
24.75 30.75 2.04
24.75 31.25 1.59
24.75 31.75 1.50
24.75 32.25 1.39
24.75 32.75 1.36
24.75 33.25 1.33
24.75 33.75 1.40
24.75 34.25 1.33
24.75 34.75 1.25
24.75 35.25 1.18
24.75 35.75 1.12
24.75 36.25 1.05
24.75 4.25 8.63
24.75 4.75 8.39
24.75 5.25 8.14
24.75 5.75 7.93
24.75 6.25 7.74
24.75 6.75 7.55
24.75 7.25 7.35
24.75 7.75 7.23
24.75 8.25 7.14
24.75 8.75 7.06
24.75 9.25 6.98
24.75 9.75 6.84
25.25 0.75 10.30
25.25 1.25 10.07
25.25 1.75 9.81
25.25 10.25 6.57
25.25 10.75 6.43
25.25 11.25 6.28
25.25 11.75 6.14
25.25 12.25 6.00
25.25 12.75 5.85
25.25 13.25 5.71
25.25 13.75 5.55
25.25 14.25 5.44
25.25 14.75 5.38
25.25 15.25 5.31
25.25 15.75 5.24
25.25 16.25 5.17
25.25 16.75 5.11
25.25 17.25 5.04
25.25 17.75 4.96
25.25 18.25 4.92
25.25 18.75 4.85
25.25 19.25 4.75
25.25 19.75 4.68
25.25 2.25 9.49
25.25 2.75 9.18
25.25 20.25 4.56
25.25 20.75 4.44
25.25 21.25 4.35
25.25 21.75 4.24
25.25 22.25 4.08
25.25 22.75 3.98
25.25 23.25 3.89
25.25 23.75 3.82
25.25 24.25 3.76
25.25 24.75 3.70
25.25 25.25 3.63
25.25 25.75 3.56
25.25 26.25 3.37
25.25 26.75 3.16
25.25 27.25 2.94
25.25 27.75 2.72
25.25 28.25 2.50
25.25 28.75 2.34
25.25 29.25 2.22
25.25 29.75 2.13
25.25 3.25 8.86
25.25 3.75 8.61
25.25 30.25 1.88
25.25 30.75 1.77
25.25 31.25 1.43
25.25 31.75 1.35
25.25 32.25 1.32
25.25 32.75 1.27
25.25 33.25 1.19
25.25 33.75 1.22
25.25 34.25 1.15
25.25 34.75 1.08
25.25 35.25 1.01
25.25 35.75 0.93
25.25 36.25 0.80
25.25 4.25 8.40
25.25 4.75 8.21
25.25 5.25 8.02
25.25 5.75 7.83
25.25 6.25 7.63
25.25 6.75 7.44
25.25 7.25 7.26
25.25 7.75 7.18
25.25 8.25 7.05
25.25 8.75 6.92
25.25 9.25 6.80
25.25 9.75 6.68
25.75 0.75 10.11
25.75 1.25 9.87
25.75 1.75 9.63
25.75 10.25 6.39
25.75 10.75 6.27
25.75 11.25 6.16
25.75 11.75 6.01
25.75 12.25 5.87
25.75 12.75 5.73
25.75 13.25 5.58
25.75 13.75 5.44
25.75 14.25 5.31
25.75 14.75 5.24
25.75 15.25 5.17
25.75 15.75 5.11
25.75 16.25 5.04
25.75 16.75 4.97
25.75 17.25 4.91
25.75 17.75 4.83
25.75 18.25 4.75
25.75 18.75 4.67
25.75 19.25 4.60
25.75 19.75 4.50
25.75 2.25 9.40
25.75 2.75 9.09
25.75 20.25 4.41
25.75 20.75 4.32
25.75 21.25 4.23
25.75 21.75 4.10
25.75 22.25 3.93
25.75 22.75 3.83
25.75 23.25 3.73
25.75 23.75 3.63
25.75 24.25 3.55
25.75 24.75 3.50
25.75 25.25 3.46
25.75 25.75 3.40
25.75 26.25 3.25
25.75 26.75 3.06
25.75 27.25 2.82
25.75 27.75 2.57
25.75 28.25 2.32
25.75 28.75 2.16
25.75 29.25 2.00
25.75 29.75 1.83
25.75 3.25 8.77
25.75 3.75 8.43
25.75 30.25 1.66
25.75 30.75 1.61
25.75 31.25 1.38
25.75 31.75 1.29
25.75 32.25 1.24
25.75 32.75 1.16
25.75 33.25 1.08
25.75 33.75 1.04
25.75 34.25 0.97
25.75 34.75 0.90
25.75 35.25 0.83
25.75 35.75 0.74
25.75 36.25 0.59
25.75 4.25 8.24
25.75 4.75 8.06
25.75 5.25 7.87
25.75 5.75 7.68
25.75 6.25 7.49
25.75 6.75 7.30
25.75 7.25 7.12
25.75 7.75 6.99
25.75 8.25 6.86
25.75 8.75 6.74
25.75 9.25 6.62
25.75 9.75 6.50
26.25 0.75 9.91
26.25 1.25 9.67
26.25 1.75 9.44
26.25 10.25 6.21
26.25 10.75 6.10
26.25 11.25 5.98
26.25 11.75 5.86
26.25 12.25 5.74
26.25 12.75 5.60
26.25 13.25 5.46
26.25 13.75 5.29
26.25 14.25 5.17
26.25 14.75 5.10
26.25 15.25 5.04
26.25 15.75 4.97
26.25 16.25 4.90
26.25 16.75 4.84
26.25 17.25 4.78
26.25 17.75 4.70
26.25 18.25 4.62
26.25 18.75 4.54
26.25 19.25 4.49
26.25 19.75 4.37
26.25 2.25 9.24
26.25 2.75 8.99
26.25 20.25 4.27
26.25 20.75 4.20
26.25 21.25 4.11
26.25 21.75 3.94
26.25 22.25 3.78
26.25 22.75 3.68
26.25 23.25 3.58
26.25 23.75 3.54
26.25 24.25 3.48
26.25 24.75 3.42
26.25 25.25 3.36
26.25 25.75 3.30
26.25 26.25 3.19
26.25 26.75 3.00
26.25 27.25 2.74
26.25 27.75 2.48
26.25 28.25 2.26
26.25 28.75 2.10
26.25 29.25 1.99
26.25 29.75 1.80
26.25 3.25 8.65
26.25 3.75 8.31
26.25 30.25 1.60
26.25 30.75 1.52
26.25 31.25 1.33
26.25 31.75 1.20
26.25 32.25 1.14
26.25 32.75 1.05
26.25 33.25 0.96
26.25 33.75 0.88
26.25 34.25 0.79
26.25 34.75 0.72
26.25 35.25 0.65
26.25 35.75 0.53
26.25 36.25 0.48
26.25 4.25 8.07
26.25 4.75 7.88
26.25 5.25 7.69
26.25 5.75 7.50
26.25 6.25 7.31
26.25 6.75 7.13
26.25 7.25 6.94
26.25 7.75 6.81
26.25 8.25 6.68
26.25 8.75 6.55
26.25 9.25 6.44
26.25 9.75 6.33
26.75 0.75 9.71
26.75 1.25 9.50
26.75 1.75 9.30
26.75 10.25 6.03
26.75 10.75 5.92
26.75 11.25 5.80
26.75 11.75 5.68
26.75 12.25 5.57
26.75 12.75 5.45
26.75 13.25 5.32
26.75 13.75 5.14
26.75 14.25 5.06
26.75 14.75 5.00
26.75 15.25 4.92
26.75 15.75 4.85
26.75 16.25 4.78
26.75 16.75 4.71
26.75 17.25 4.65
26.75 17.75 4.57
26.75 18.25 4.50
26.75 18.75 4.44
26.75 19.25 4.39
26.75 19.75 4.24
26.75 2.25 9.10
26.75 2.75 8.85
26.75 20.25 4.11
26.75 20.75 4.04
26.75 21.25 3.97
26.75 21.75 3.81
26.75 22.25 3.66
26.75 22.75 3.63
26.75 23.25 3.60
26.75 23.75 3.54
26.75 24.25 3.48
26.75 24.75 3.41
26.75 25.25 3.35
26.75 25.75 3.27
26.75 26.25 3.12
26.75 26.75 2.92
26.75 27.25 2.66
26.75 27.75 2.40
26.75 28.25 2.15
26.75 28.75 2.09
26.75 29.25 1.99
26.75 29.75 1.80
26.75 3.25 8.54
26.75 3.75 8.19
26.75 30.25 1.54
26.75 30.75 1.41
26.75 31.25 1.21
26.75 31.75 1.09
26.75 32.25 0.99
26.75 32.75 0.92
26.75 33.25 0.86
26.75 33.75 0.78
26.75 34.25 0.67
26.75 34.75 0.55
26.75 35.25 0.48
26.75 35.75 0.44
26.75 36.25 0.40
26.75 4.25 7.89
26.75 4.75 7.71
26.75 5.25 7.52
26.75 5.75 7.33
26.75 6.25 7.14
26.75 6.75 6.95
26.75 7.25 6.77
26.75 7.75 6.62
26.75 8.25 6.49
26.75 8.75 6.37
26.75 9.25 6.26
26.75 9.75 6.15
27.25 0.75 9.55
27.25 1.25 9.35
27.25 1.75 9.15
27.25 10.25 5.85
27.25 10.75 5.74
27.25 11.25 5.62
27.25 11.75 5.51
27.25 12.25 5.39
27.25 12.75 5.27
27.25 13.25 5.21
27.25 13.75 5.08
27.25 14.25 4.99
27.25 14.75 4.95
27.25 15.25 4.89
27.25 15.75 4.81
27.25 16.25 4.72
27.25 16.75 4.63
27.25 17.25 4.53
27.25 17.75 4.45
27.25 18.25 4.38
27.25 18.75 4.35
27.25 19.25 4.30
27.25 19.75 4.11
27.25 2.25 8.96
27.25 2.75 8.70
27.25 20.25 3.95
27.25 20.75 3.88
27.25 21.25 3.81
27.25 21.75 3.74
27.25 22.25 3.62
27.25 22.75 3.62
27.25 23.25 3.57
27.25 23.75 3.50
27.25 24.25 3.43
27.25 24.75 3.36
27.25 25.25 3.30
27.25 25.75 3.23
27.25 26.25 3.07
27.25 26.75 2.85
27.25 27.25 2.58
27.25 27.75 2.32
27.25 28.25 2.13
27.25 28.75 2.07
27.25 29.25 1.93
27.25 29.75 1.74
27.25 3.25 8.39
27.25 3.75 8.08
27.25 30.25 1.51
27.25 30.75 1.40
27.25 31.25 1.25
27.25 31.75 1.06
27.25 32.25 0.96
27.25 32.75 0.89
27.25 33.25 0.83
27.25 33.75 0.72
27.25 34.25 0.59
27.25 34.75 0.54
27.25 35.25 0.53
27.25 35.75 0.48
27.25 36.25 0.42
27.25 4.25 7.73
27.25 4.75 7.53
27.25 5.25 7.34
27.25 5.75 7.15
27.25 6.25 6.97
27.25 6.75 6.78
27.25 7.25 6.60
27.25 7.75 6.44
27.25 8.25 6.31
27.25 8.75 6.19
27.25 9.25 6.08
27.25 9.75 5.97
27.75 0.75 9.40
27.75 1.25 9.20
27.75 1.75 9.01
27.75 10.25 5.67
27.75 10.75 5.56
27.75 11.25 5.45
27.75 11.75 5.33
27.75 12.25 5.21
27.75 12.75 5.12
27.75 13.25 5.13
27.75 13.75 5.03
27.75 14.25 4.91
27.75 14.75 4.86
27.75 15.25 4.81
27.75 15.75 4.72
27.75 16.25 4.63
27.75 16.75 4.53
27.75 17.25 4.43
27.75 17.75 4.42
27.75 18.25 4.29
27.75 18.75 4.26
27.75 19.25 4.19
27.75 19.75 3.98
27.75 2.25 8.82
27.75 2.75 8.56
27.75 20.25 3.79
27.75 20.75 3.72
27.75 21.25 3.65
27.75 21.75 3.58
27.75 22.25 3.58
27.75 22.75 3.54
27.75 23.25 3.48
27.75 23.75 3.41
27.75 24.25 3.35
27.75 24.75 3.29
27.75 25.25 3.22
27.75 25.75 3.10
27.75 26.25 2.97
27.75 26.75 2.77
27.75 27.25 2.51
27.75 27.75 2.24
27.75 28.25 2.10
27.75 28.75 2.02
27.75 29.25 1.87
27.75 29.75 1.73
27.75 3.25 8.25
27.75 3.75 7.93
27.75 30.25 1.58
27.75 30.75 1.42
27.75 31.25 1.23
27.75 31.75 1.11
27.75 32.25 1.01
27.75 32.75 0.92
27.75 33.25 0.85
27.75 33.75 0.68
27.75 34.25 0.55
27.75 34.75 0.54
27.75 35.25 0.55
27.75 35.75 0.53
27.75 36.25 0.48
27.75 4.25 7.61
27.75 4.75 7.36
27.75 5.25 7.17
27.75 5.75 6.98
27.75 6.25 6.80
27.75 6.75 6.61
27.75 7.25 6.43
27.75 7.75 6.25
27.75 8.25 6.13
27.75 8.75 6.01
27.75 9.25 5.90
27.75 9.75 5.79
28.25 0.75 9.20
28.25 1.25 9.03
28.25 1.75 8.87
28.25 10.25 5.50
28.25 10.75 5.38
28.25 11.25 5.27
28.25 11.75 5.15
28.25 12.25 5.04
28.25 12.75 5.01
28.25 13.25 4.99
28.25 13.75 4.99
28.25 14.25 4.92
28.25 14.75 4.81
28.25 15.25 4.72
28.25 15.75 4.63
28.25 16.25 4.53
28.25 16.75 4.43
28.25 17.25 4.33
28.25 17.75 4.39
28.25 18.25 4.32
28.25 18.75 4.17
28.25 19.25 4.06
28.25 19.75 3.84
28.25 2.25 8.69
28.25 2.75 8.41
28.25 20.25 3.63
28.25 20.75 3.56
28.25 21.25 3.50
28.25 21.75 3.51
28.25 22.25 3.51
28.25 22.75 3.45
28.25 23.25 3.38
28.25 23.75 3.30
28.25 24.25 3.21
28.25 24.75 3.12
28.25 25.25 3.04
28.25 25.75 2.98
28.25 26.25 2.86
28.25 26.75 2.66
28.25 27.25 2.39
28.25 27.75 2.20
28.25 28.25 2.04
28.25 28.75 1.98
28.25 29.25 1.84
28.25 29.75 1.71
28.25 3.25 8.10
28.25 3.75 7.79
28.25 30.25 1.57
28.25 30.75 1.39
28.25 31.25 1.24
28.25 31.75 1.16
28.25 32.25 1.07
28.25 32.75 0.97
28.25 33.25 0.88
28.25 33.75 0.64
28.25 34.25 0.52
28.25 34.75 0.54
28.25 35.25 0.55
28.25 35.75 0.56
28.25 36.25 0.55
28.25 4.25 7.48
28.25 4.75 7.18
28.25 5.25 6.99
28.25 5.75 6.81
28.25 6.25 6.62
28.25 6.75 6.44
28.25 7.25 6.25
28.25 7.75 6.07
28.25 8.25 5.95
28.25 8.75 5.83
28.25 9.25 5.72
28.25 9.75 5.61
28.75 0.75 8.92
28.75 1.25 8.73
28.75 1.75 8.57
28.75 10.25 5.32
28.75 10.75 5.20
28.75 11.25 5.09
28.75 11.75 4.98
28.75 12.25 4.86
28.75 12.75 4.86
28.75 13.25 4.87
28.75 13.75 4.89
28.75 14.25 4.94
28.75 14.75 4.78
28.75 15.25 4.63
28.75 15.75 4.50
28.75 16.25 4.43
28.75 16.75 4.33
28.75 17.25 4.23
28.75 17.75 4.26
28.75 18.25 4.18
28.75 18.75 4.08
28.75 19.25 3.92
28.75 19.75 3.71
28.75 2.25 8.48
28.75 2.75 8.28
28.75 20.25 3.50
28.75 20.75 3.43
28.75 21.25 3.42
28.75 21.75 3.38
28.75 22.25 3.37
28.75 22.75 3.27
28.75 23.25 3.18
28.75 23.75 3.09
28.75 24.25 3.01
28.75 24.75 2.92
28.75 25.25 2.84
28.75 25.75 2.78
28.75 26.25 2.71
28.75 26.75 2.56
28.75 27.25 2.37
28.75 27.75 2.18
28.75 28.25 1.99
28.75 28.75 1.92
28.75 29.25 1.81
28.75 29.75 1.68
28.75 3.25 8.00
28.75 3.75 7.69
28.75 30.25 1.55
28.75 30.75 1.37
28.75 31.25 1.29
28.75 31.75 1.22
28.75 32.25 1.12
28.75 32.75 1.03
28.75 33.25 0.89
28.75 33.75 0.78
28.75 34.25 0.63
28.75 34.75 0.59
28.75 35.25 0.55
28.75 35.75 0.56
28.75 36.25 0.56
28.75 4.25 7.39
28.75 4.75 7.10
28.75 5.25 6.89
28.75 5.75 6.70
28.75 6.25 6.51
28.75 6.75 6.32
28.75 7.25 6.13
28.75 7.75 5.93
28.75 8.25 5.81
28.75 8.75 5.66
28.75 9.25 5.54
28.75 9.75 5.43
29.25 0.75 8.65
29.25 1.25 8.42
29.25 1.75 8.28
29.25 10.25 5.21
29.25 10.75 5.06
29.25 11.25 4.92
29.25 11.75 4.80
29.25 12.25 4.73
29.25 12.75 4.80
29.25 13.25 4.89
29.25 13.75 4.98
29.25 14.25 4.99
29.25 14.75 4.89
29.25 15.25 4.61
29.25 15.75 4.40
29.25 16.25 4.26
29.25 16.75 4.20
29.25 17.25 4.13
29.25 17.75 4.05
29.25 18.25 3.96
29.25 18.75 3.87
29.25 19.25 3.75
29.25 19.75 3.55
29.25 2.25 8.08
29.25 2.75 7.78
29.25 20.25 3.37
29.25 20.75 3.22
29.25 21.25 3.18
29.25 21.75 3.34
29.25 22.25 3.15
29.25 22.75 3.14
29.25 23.25 3.04
29.25 23.75 2.92
29.25 24.25 2.81
29.25 24.75 2.72
29.25 25.25 2.64
29.25 25.75 2.57
29.25 26.25 2.55
29.25 26.75 2.50
29.25 27.25 2.34
29.25 27.75 2.16
29.25 28.25 1.97
29.25 28.75 1.87
29.25 29.25 1.78
29.25 29.75 1.66
29.25 3.25 7.62
29.25 3.75 7.48
29.25 30.25 1.54
29.25 30.75 1.42
29.25 31.25 1.34
29.25 31.75 1.27
29.25 32.25 1.18
29.25 32.75 1.05
29.25 33.25 0.89
29.25 33.75 0.79
29.25 34.25 0.73
29.25 34.75 0.73
29.25 35.25 0.69
29.25 35.75 0.58
29.25 36.25 0.56
29.25 4.25 7.35
29.25 4.75 7.07
29.25 5.25 6.81
29.25 5.75 6.62
29.25 6.25 6.43
29.25 6.75 6.24
29.25 7.25 6.04
29.25 7.75 5.79
29.25 8.25 5.69
29.25 8.75 5.64
29.25 9.25 5.50
29.25 9.75 5.35
29.75 0.75 8.37
29.75 1.25 8.12
29.75 1.75 7.99
29.75 10.25 5.19
29.75 10.75 5.04
29.75 11.25 4.90
29.75 11.75 4.79
29.75 12.25 4.84
29.75 12.75 4.93
29.75 13.25 5.01
29.75 13.75 5.02
29.75 14.25 5.03
29.75 14.75 5.04
29.75 15.25 4.80
29.75 15.75 4.53
29.75 16.25 4.25
29.75 16.75 4.02
29.75 17.25 3.96
29.75 17.75 3.93
29.75 18.25 3.87
29.75 18.75 3.74
29.75 19.25 3.61
29.75 19.75 3.46
29.75 2.25 7.66
29.75 2.75 7.34
29.75 20.25 3.30
29.75 20.75 3.15
29.75 21.25 3.09
29.75 21.75 3.07
29.75 22.25 2.93
29.75 22.75 2.92
29.75 23.25 2.91
29.75 23.75 2.81
29.75 24.25 2.68
29.75 24.75 2.56
29.75 25.25 2.46
29.75 25.75 2.45
29.75 26.25 2.44
29.75 26.75 2.37
29.75 27.25 2.29
29.75 27.75 2.13
29.75 28.25 1.94
29.75 28.75 1.82
29.75 29.25 1.75
29.75 29.75 1.64
29.75 3.25 7.13
29.75 3.75 7.35
29.75 30.25 1.54
29.75 30.75 1.44
29.75 31.25 1.38
29.75 31.75 1.31
29.75 32.25 1.22
29.75 32.75 1.06
29.75 33.25 0.90
29.75 33.75 0.88
29.75 34.25 0.89
29.75 34.75 0.90
29.75 35.25 0.86
29.75 35.75 0.75
29.75 36.25 0.60
29.75 4.25 7.22
29.75 4.75 7.04
29.75 5.25 6.76
29.75 5.75 6.55
29.75 6.25 6.36
29.75 6.75 6.16
29.75 7.25 5.91
29.75 7.75 5.72
29.75 8.25 5.59
29.75 8.75 5.51
29.75 9.25 5.48
29.75 9.75 5.33
30.25 0.75 8.10
30.25 1.25 7.84
30.25 1.75 7.58
30.25 10.25 5.17
30.25 10.75 5.02
30.25 11.25 4.95
30.25 11.75 4.88
30.25 12.25 4.98
30.25 12.75 5.05
30.25 13.25 5.06
30.25 13.75 5.07
30.25 14.25 5.08
30.25 14.75 5.09
30.25 15.25 4.99
30.25 15.75 4.72
30.25 16.25 4.44
30.25 16.75 4.17
30.25 17.25 3.86
30.25 17.75 3.77
30.25 18.25 3.73
30.25 18.75 3.71
30.25 19.25 3.59
30.25 19.75 3.44
30.25 2.25 7.43
30.25 2.75 7.29
30.25 20.25 3.29
30.25 20.75 3.13
30.25 21.25 2.97
30.25 21.75 2.90
30.25 22.25 2.85
30.25 22.75 2.78
30.25 23.25 2.70
30.25 23.75 2.69
30.25 24.25 2.57
30.25 24.75 2.51
30.25 25.25 2.40
30.25 25.75 2.34
30.25 26.25 2.32
30.25 26.75 2.24
30.25 27.25 2.17
30.25 27.75 2.08
30.25 28.25 1.91
30.25 28.75 1.78
30.25 29.25 1.71
30.25 29.75 1.58
30.25 3.25 7.22
30.25 3.75 7.09
30.25 30.25 1.42
30.25 30.75 1.44
30.25 31.25 1.41
30.25 31.75 1.41
30.25 32.25 1.33
30.25 32.75 1.21
30.25 33.25 1.07
30.25 33.75 1.05
30.25 34.25 1.04
30.25 34.75 1.05
30.25 35.25 1.04
30.25 35.75 0.87
30.25 36.25 0.70
30.25 4.25 6.96
30.25 4.75 6.83
30.25 5.25 6.72
30.25 5.75 6.47
30.25 6.25 6.28
30.25 6.75 6.06
30.25 7.25 5.87
30.25 7.75 5.69
30.25 8.25 5.56
30.25 8.75 5.46
30.25 9.25 5.36
30.25 9.75 5.30
30.75 0.75 7.92
30.75 1.25 7.66
30.75 1.75 7.55
30.75 10.25 5.14
30.75 10.75 5.11
30.75 11.25 5.05
30.75 11.75 5.02
30.75 12.25 5.09
30.75 12.75 5.10
30.75 13.25 5.11
30.75 13.75 5.12
30.75 14.25 5.13
30.75 14.75 5.14
30.75 15.25 5.15
30.75 15.75 4.90
30.75 16.25 4.63
30.75 16.75 4.34
30.75 17.25 4.00
30.75 17.75 3.78
30.75 18.25 3.70
30.75 18.75 3.63
30.75 19.25 3.55
30.75 19.75 3.43
30.75 2.25 7.41
30.75 2.75 7.26
30.75 20.25 3.27
30.75 20.75 3.12
30.75 21.25 3.04
30.75 21.75 2.90
30.75 22.25 2.89
30.75 22.75 2.82
30.75 23.25 2.74
30.75 23.75 2.64
30.75 24.25 2.52
30.75 24.75 2.50
30.75 25.25 2.38
30.75 25.75 2.23
30.75 26.25 2.19
30.75 26.75 2.12
30.75 27.25 2.04
30.75 27.75 1.96
30.75 28.25 1.86
30.75 28.75 1.80
30.75 29.25 1.77
30.75 29.75 1.68
30.75 3.25 7.05
30.75 3.75 6.85
30.75 30.25 1.55
30.75 30.75 1.52
30.75 31.25 1.58
30.75 31.75 1.50
30.75 32.25 1.43
30.75 32.75 1.35
30.75 33.25 1.26
30.75 33.75 1.24
30.75 34.25 1.21
30.75 34.75 1.21
30.75 35.25 1.18
30.75 35.75 1.02
30.75 36.25 0.90
30.75 4.25 6.70
30.75 4.75 6.56
30.75 5.25 6.45
30.75 5.75 6.35
30.75 6.25 6.23
30.75 6.75 6.06
30.75 7.25 5.89
30.75 7.75 5.73
30.75 8.25 5.58
30.75 8.75 5.44
30.75 9.25 5.34
30.75 9.75 5.24
31.25 0.75 7.79
31.25 1.25 7.60
31.25 1.75 7.52
31.25 10.25 5.19
31.25 10.75 5.27
31.25 11.25 5.16
31.25 11.75 5.13
31.25 12.25 5.14
31.25 12.75 5.15
31.25 13.25 5.16
31.25 13.75 5.17
31.25 14.25 5.18
31.25 14.75 5.19
31.25 15.25 5.20
31.25 15.75 5.09
31.25 16.25 4.82
31.25 16.75 4.51
31.25 17.25 4.20
31.25 17.75 4.08
31.25 18.25 3.96
31.25 18.75 3.84
31.25 19.25 3.73
31.25 19.75 3.61
31.25 2.25 7.36
31.25 2.75 7.20
31.25 20.25 3.49
31.25 20.75 3.39
31.25 21.25 3.31
31.25 21.75 3.17
31.25 22.25 3.00
31.25 22.75 2.91
31.25 23.25 2.81
31.25 23.75 2.77
31.25 24.25 2.71
31.25 24.75 2.60
31.25 25.25 2.42
31.25 25.75 2.20
31.25 26.25 2.07
31.25 26.75 1.99
31.25 27.25 1.92
31.25 27.75 1.84
31.25 28.25 1.78
31.25 28.75 1.81
31.25 29.25 1.88
31.25 29.75 1.88
31.25 3.25 6.99
31.25 3.75 6.78
31.25 30.25 1.80
31.25 30.75 1.75
31.25 31.25 1.70
31.25 31.75 1.64
31.25 32.25 1.58
31.25 32.75 1.53
31.25 33.25 1.48
31.25 33.75 1.44
31.25 34.25 1.40
31.25 34.75 1.38
31.25 35.25 1.33
31.25 35.75 1.21
31.25 36.25 1.10
31.25 4.25 6.58
31.25 4.75 6.37
31.25 5.25 6.17
31.25 5.75 6.20
31.25 6.25 6.25
31.25 6.75 6.08
31.25 7.25 5.92
31.25 7.75 5.75
31.25 8.25 5.58
31.25 8.75 5.44
31.25 9.25 5.27
31.25 9.75 5.16
31.75 0.75 7.65
31.75 1.25 7.54
31.75 1.75 7.45
31.75 10.25 5.39
31.75 10.75 5.41
31.75 11.25 5.33
31.75 11.75 5.26
31.75 12.25 5.23
31.75 12.75 5.20
31.75 13.25 5.21
31.75 13.75 5.22
31.75 14.25 5.23
31.75 14.75 5.23
31.75 15.25 5.24
31.75 15.75 5.25
31.75 16.25 5.01
31.75 16.75 4.68
31.75 17.25 4.57
31.75 17.75 4.45
31.75 18.25 4.32
31.75 18.75 4.21
31.75 19.25 4.09
31.75 19.75 3.97
31.75 2.25 7.31
31.75 2.75 7.13
31.75 20.25 3.85
31.75 20.75 3.73
31.75 21.25 3.61
31.75 21.75 3.48
31.75 22.25 3.31
31.75 22.75 3.23
31.75 23.25 3.16
31.75 23.75 3.12
31.75 24.25 3.03
31.75 24.75 2.77
31.75 25.25 2.57
31.75 25.75 2.38
31.75 26.25 2.20
31.75 26.75 2.08
31.75 27.25 1.97
31.75 27.75 1.87
31.75 28.25 1.87
31.75 28.75 1.98
31.75 29.25 2.08
31.75 29.75 2.09
31.75 3.25 6.93
31.75 3.75 6.72
31.75 30.25 2.01
31.75 30.75 1.96
31.75 31.25 1.94
31.75 31.75 1.88
31.75 32.25 1.82
31.75 32.75 1.77
31.75 33.25 1.71
31.75 33.75 1.68
31.75 34.25 1.64
31.75 34.75 1.60
31.75 35.25 1.56
31.75 35.75 1.41
31.75 36.25 1.29
31.75 4.25 6.52
31.75 4.75 6.36
31.75 5.25 6.20
31.75 5.75 6.17
31.75 6.25 6.24
31.75 6.75 6.07
31.75 7.25 5.91
31.75 7.75 5.74
31.75 8.25 5.58
31.75 8.75 5.42
31.75 9.25 5.20
31.75 9.75 5.39
32.25 0.75 7.56
32.25 1.25 7.46
32.25 1.75 7.36
32.25 10.25 5.61
32.25 10.75 5.62
32.25 11.25 5.59
32.25 11.75 5.50
32.25 12.25 5.46
32.25 12.75 5.42
32.25 13.25 5.40
32.25 13.75 5.37
32.25 14.25 5.34
32.25 14.75 5.31
32.25 15.25 5.29
32.25 15.75 5.30
32.25 16.25 5.19
32.25 16.75 5.05
32.25 17.25 4.94
32.25 17.75 4.81
32.25 18.25 4.69
32.25 18.75 4.57
32.25 19.25 4.45
32.25 19.75 4.33
32.25 2.25 7.26
32.25 2.75 7.07
32.25 20.25 4.21
32.25 20.75 4.03
32.25 21.25 3.85
32.25 21.75 3.71
32.25 22.25 3.67
32.25 22.75 3.59
32.25 23.25 3.52
32.25 23.75 3.45
32.25 24.25 3.38
32.25 24.75 3.10
32.25 25.25 2.83
32.25 25.75 2.64
32.25 26.25 2.44
32.25 26.75 2.29
32.25 27.25 2.21
32.25 27.75 2.13
32.25 28.25 2.13
32.25 28.75 2.23
32.25 29.25 2.32
32.25 29.75 2.30
32.25 3.25 6.90
32.25 3.75 6.74
32.25 30.25 2.22
32.25 30.75 2.18
32.25 31.25 2.15
32.25 31.75 2.12
32.25 32.25 2.06
32.25 32.75 2.00
32.25 33.25 1.95
32.25 33.75 1.91
32.25 34.25 1.87
32.25 34.75 1.84
32.25 35.25 1.79
32.25 35.75 1.73
32.25 36.25 1.59
32.25 4.25 6.59
32.25 4.75 6.43
32.25 5.25 6.27
32.25 5.75 6.16
32.25 6.25 6.22
32.25 6.75 6.06
32.25 7.25 5.89
32.25 7.75 5.73
32.25 8.25 5.72
32.25 8.75 5.52
32.25 9.25 5.58
32.25 9.75 5.61
32.75 0.75 7.40
32.75 1.25 7.35
32.75 1.75 7.25
32.75 10.25 5.85
32.75 10.75 5.83
32.75 11.25 5.80
32.75 11.75 5.75
32.75 12.25 5.68
32.75 12.75 5.65
32.75 13.25 5.62
32.75 13.75 5.59
32.75 14.25 5.56
32.75 14.75 5.54
32.75 15.25 5.51
32.75 15.75 5.48
32.75 16.25 5.44
32.75 16.75 5.42
32.75 17.25 5.31
32.75 17.75 5.18
32.75 18.25 5.05
32.75 18.75 4.93
32.75 19.25 4.79
32.75 19.75 4.61
32.75 2.25 7.18
32.75 2.75 7.12
32.75 20.25 4.43
32.75 20.75 4.24
32.75 21.25 4.06
32.75 21.75 3.92
32.75 22.25 3.89
32.75 22.75 3.86
32.75 23.25 3.81
32.75 23.75 3.74
32.75 24.25 3.70
32.75 24.75 3.46
32.75 25.25 3.19
32.75 25.75 2.94
32.75 26.25 2.75
32.75 26.75 2.59
32.75 27.25 2.47
32.75 27.75 2.39
32.75 28.25 2.38
32.75 28.75 2.49
32.75 29.25 2.52
32.75 29.75 2.50
32.75 3.25 6.97
32.75 3.75 6.81
32.75 30.25 2.44
32.75 30.75 2.39
32.75 31.25 2.37
32.75 31.75 2.34
32.75 32.25 2.30
32.75 32.75 2.24
32.75 33.25 2.19
32.75 33.75 2.15
32.75 34.25 2.11
32.75 34.75 2.07
32.75 35.25 2.02
32.75 35.75 1.97
32.75 36.25 1.90
32.75 4.25 6.65
32.75 4.75 6.49
32.75 5.25 6.33
32.75 5.75 6.17
32.75 6.25 6.21
32.75 6.75 6.05
32.75 7.25 5.88
32.75 7.75 5.84
32.75 8.25 5.89
32.75 8.75 5.77
32.75 9.25 5.82
32.75 9.75 5.84
33.25 0.75 7.20
33.25 1.25 7.19
33.25 1.75 7.17
33.25 10.25 6.07
33.25 10.75 6.03
33.25 11.25 6.00
33.25 11.75 5.97
33.25 12.25 5.92
33.25 12.75 5.88
33.25 13.25 5.85
33.25 13.75 5.82
33.25 14.25 5.79
33.25 14.75 5.76
33.25 15.25 5.73
33.25 15.75 5.64
33.25 16.25 5.64
33.25 16.75 5.61
33.25 17.25 5.55
33.25 17.75 5.43
33.25 18.25 5.31
33.25 18.75 5.19
33.25 19.25 5.03
33.25 19.75 4.83
33.25 2.25 7.09
33.25 2.75 7.12
33.25 20.25 4.64
33.25 20.75 4.46
33.25 21.25 4.27
33.25 21.75 4.13
33.25 22.25 4.11
33.25 22.75 4.08
33.25 23.25 4.05
33.25 23.75 4.02
33.25 24.25 3.97
33.25 24.75 3.76
33.25 25.25 3.53
33.25 25.75 3.28
33.25 26.25 3.06
33.25 26.75 2.89
33.25 27.25 2.73
33.25 27.75 2.65
33.25 28.25 2.64
33.25 28.75 2.75
33.25 29.25 2.73
33.25 29.75 2.70
33.25 3.25 7.02
33.25 3.75 6.87
33.25 30.25 2.65
33.25 30.75 2.61
33.25 31.25 2.58
33.25 31.75 2.56
33.25 32.25 2.54
33.25 32.75 2.48
33.25 33.25 2.42
33.25 33.75 2.38
33.25 34.25 2.35
33.25 34.75 2.30
33.25 35.25 2.25
33.25 35.75 2.20
33.25 36.25 2.14
33.25 4.25 6.71
33.25 4.75 6.56
33.25 5.25 6.40
33.25 5.75 6.24
33.25 6.25 6.20
33.25 6.75 6.03
33.25 7.25 5.98
33.25 7.75 6.00
33.25 8.25 6.06
33.25 8.75 6.01
33.25 9.25 6.07
33.25 9.75 6.07
33.75 0.75 7.11
33.75 1.25 7.03
33.75 1.75 7.02
33.75 10.25 6.27
33.75 10.75 6.24
33.75 11.25 6.20
33.75 11.75 6.17
33.75 12.25 6.14
33.75 12.75 6.11
33.75 13.25 6.07
33.75 13.75 6.04
33.75 14.25 6.00
33.75 14.75 5.96
33.75 15.25 5.81
33.75 15.75 5.76
33.75 16.25 5.73
33.75 16.75 5.66
33.75 17.25 5.59
33.75 17.75 5.53
33.75 18.25 5.42
33.75 18.75 5.30
33.75 19.25 5.15
33.75 19.75 4.98
33.75 2.25 7.00
33.75 2.75 7.03
33.75 20.25 4.80
33.75 20.75 4.62
33.75 21.25 4.46
33.75 21.75 4.38
33.75 22.25 4.39
33.75 22.75 4.32
33.75 23.25 4.29
33.75 23.75 4.26
33.75 24.25 4.23
33.75 24.75 4.04
33.75 25.25 3.81
33.75 25.75 3.59
33.75 26.25 3.36
33.75 26.75 3.20
33.75 27.25 3.03
33.75 27.75 2.91
33.75 28.25 2.90
33.75 28.75 2.95
33.75 29.25 2.93
33.75 29.75 2.90
33.75 3.25 7.06
33.75 3.75 6.91
33.75 30.25 2.86
33.75 30.75 2.82
33.75 31.25 2.80
33.75 31.75 2.77
33.75 32.25 2.75
33.75 32.75 2.72
33.75 33.25 2.66
33.75 33.75 2.62
33.75 34.25 2.58
33.75 34.75 2.53
33.75 35.25 2.48
33.75 35.75 2.43
33.75 36.25 2.38
33.75 4.25 6.76
33.75 4.75 6.61
33.75 5.25 6.46
33.75 5.75 6.30
33.75 6.25 6.18
33.75 6.75 6.13
33.75 7.25 6.12
33.75 7.75 6.17
33.75 8.25 6.23
33.75 8.75 6.26
33.75 9.25 6.30
33.75 9.75 6.30
34.25 0.75 7.05
34.25 1.25 6.97
34.25 1.75 6.89
34.25 10.25 6.47
34.25 10.75 6.44
34.25 11.25 6.38
34.25 11.75 6.32
34.25 12.25 6.26
34.25 12.75 6.19
34.25 13.25 6.15
34.25 13.75 6.14
34.25 14.25 6.14
34.25 14.75 6.04
34.25 15.25 5.91
34.25 15.75 5.84
34.25 16.25 5.77
34.25 16.75 5.71
34.25 17.25 5.64
34.25 17.75 5.58
34.25 18.25 5.51
34.25 18.75 5.40
34.25 19.25 5.26
34.25 19.75 5.11
34.25 2.25 6.88
34.25 2.75 6.94
34.25 20.25 4.98
34.25 20.75 4.86
34.25 21.25 4.75
34.25 21.75 4.69
34.25 22.25 4.66
34.25 22.75 4.58
34.25 23.25 4.53
34.25 23.75 4.51
34.25 24.25 4.46
34.25 24.75 4.28
34.25 25.25 4.03
34.25 25.75 3.79
34.25 26.25 3.56
34.25 26.75 3.46
34.25 27.25 3.33
34.25 27.75 3.17
34.25 28.25 3.15
34.25 28.75 3.15
34.25 29.25 3.13
34.25 29.75 3.11
34.25 3.25 7.01
34.25 3.75 6.96
34.25 30.25 3.07
34.25 30.75 3.04
34.25 31.25 3.01
34.25 31.75 2.99
34.25 32.25 2.96
34.25 32.75 2.94
34.25 33.25 2.90
34.25 33.75 2.85
34.25 34.25 2.81
34.25 34.75 2.76
34.25 35.25 2.71
34.25 35.75 2.66
34.25 36.25 2.56
34.25 4.25 6.80
34.25 4.75 6.65
34.25 5.25 6.50
34.25 5.75 6.35
34.25 6.25 6.29
34.25 6.75 6.26
34.25 7.25 6.28
34.25 7.75 6.36
34.25 8.25 6.44
34.25 8.75 6.51
34.25 9.25 6.53
34.25 9.75 6.50
34.75 0.75 7.06
34.75 1.25 7.02
34.75 1.75 6.98
34.75 10.25 6.58
34.75 10.75 6.52
34.75 11.25 6.47
34.75 11.75 6.41
34.75 12.25 6.34
34.75 12.75 6.27
34.75 13.25 6.19
34.75 13.75 6.16
34.75 14.25 6.13
34.75 14.75 6.05
34.75 15.25 5.95
34.75 15.75 5.87
34.75 16.25 5.80
34.75 16.75 5.73
34.75 17.25 5.68
34.75 17.75 5.65
34.75 18.25 5.56
34.75 18.75 5.45
34.75 19.25 5.30
34.75 19.75 5.25
34.75 2.25 6.96
34.75 2.75 6.93
34.75 20.25 5.20
34.75 20.75 5.15
34.75 21.25 5.04
34.75 21.75 5.00
34.75 22.25 4.94
34.75 22.75 4.81
34.75 23.25 4.69
34.75 23.75 4.62
34.75 24.25 4.55
34.75 24.75 4.46
34.75 25.25 4.21
34.75 25.75 3.97
34.75 26.25 3.76
34.75 26.75 3.66
34.75 27.25 3.56
34.75 27.75 3.46
34.75 28.25 3.38
34.75 28.75 3.36
34.75 29.25 3.33
34.75 29.75 3.31
34.75 3.25 6.92
34.75 3.75 7.00
34.75 30.25 3.28
34.75 30.75 3.25
34.75 31.25 3.23
34.75 31.75 3.20
34.75 32.25 3.18
34.75 32.75 3.15
34.75 33.25 3.13
34.75 33.75 3.09
34.75 34.25 3.04
34.75 34.75 2.96
34.75 35.25 2.87
34.75 35.75 2.72
34.75 36.25 2.56
34.75 4.25 6.85
34.75 4.75 6.70
34.75 5.25 6.59
34.75 5.75 6.52
34.75 6.25 6.48
34.75 6.75 6.45
34.75 7.25 6.51
34.75 7.75 6.59
34.75 8.25 6.67
34.75 8.75 6.75
34.75 9.25 6.70
34.75 9.75 6.64
35.25 0.75 7.08
35.25 1.25 7.11
35.25 1.75 7.10
35.25 10.25 6.68
35.25 10.75 6.61
35.25 11.25 6.55
35.25 11.75 6.49
35.25 12.25 6.42
35.25 12.75 6.35
35.25 13.25 6.27
35.25 13.75 6.20
35.25 14.25 6.13
35.25 14.75 6.07
35.25 15.25 5.97
35.25 15.75 5.92
35.25 16.25 5.89
35.25 16.75 5.85
35.25 17.25 5.80
35.25 17.75 5.69
35.25 18.25 5.58
35.25 18.75 5.48
35.25 19.25 5.41
35.25 19.75 5.33
35.25 2.25 7.11
35.25 2.75 7.06
35.25 20.25 5.29
35.25 20.75 5.25
35.25 21.25 5.23
35.25 21.75 5.15
35.25 22.25 5.08
35.25 22.75 4.93
35.25 23.25 4.79
35.25 23.75 4.73
35.25 24.25 4.65
35.25 24.75 4.57
35.25 25.25 4.39
35.25 25.75 4.15
35.25 26.25 3.95
35.25 26.75 3.85
35.25 27.25 3.75
35.25 27.75 3.66
35.25 28.25 3.58
35.25 28.75 3.54
35.25 29.25 3.52
35.25 29.75 3.50
35.25 3.25 7.01
35.25 3.75 6.96
35.25 30.25 3.47
35.25 30.75 3.40
35.25 31.25 3.35
35.25 31.75 3.31
35.25 32.25 3.28
35.25 32.75 3.24
35.25 33.25 3.20
35.25 33.75 3.24
35.25 34.25 3.16
35.25 34.75 3.04
35.25 35.25 2.89
35.25 35.75 2.76
35.25 36.25 2.64
35.25 4.25 6.91
35.25 4.75 6.84
35.25 5.25 6.77
35.25 5.75 6.71
35.25 6.25 6.68
35.25 6.75 6.67
35.25 7.25 6.75
35.25 7.75 6.83
35.25 8.25 6.91
35.25 8.75 6.88
35.25 9.25 6.81
35.25 9.75 6.74
35.75 0.75 7.15
35.75 1.25 7.20
35.75 1.75 7.27
35.75 10.25 6.79
35.75 10.75 6.72
35.75 11.25 6.65
35.75 11.75 6.58
35.75 12.25 6.51
35.75 12.75 6.44
35.75 13.25 6.37
35.75 13.75 6.29
35.75 14.25 6.21
35.75 14.75 6.12
35.75 15.25 6.08
35.75 15.75 6.06
35.75 16.25 6.02
35.75 16.75 5.93
35.75 17.25 5.83
35.75 17.75 5.74
35.75 18.25 5.64
35.75 18.75 5.55
35.75 19.25 5.39
35.75 19.75 5.29
35.75 2.25 7.24
35.75 2.75 7.24
35.75 20.25 5.28
35.75 20.75 5.25
35.75 21.25 5.24
35.75 21.75 5.25
35.75 22.25 5.24
35.75 22.75 5.03
35.75 23.25 4.90
35.75 23.75 4.82
35.75 24.25 4.74
35.75 24.75 4.66
35.75 25.25 4.57
35.75 25.75 4.32
35.75 26.25 4.15
35.75 26.75 4.05
35.75 27.25 3.95
35.75 27.75 3.88
35.75 28.25 3.81
35.75 28.75 3.73
35.75 29.25 3.66
35.75 29.75 3.61
35.75 3.25 7.19
35.75 3.75 7.15
35.75 30.25 3.56
35.75 30.75 3.49
35.75 31.25 3.37
35.75 31.75 3.31
35.75 32.25 3.26
35.75 32.75 3.21
35.75 33.25 3.18
35.75 33.75 3.22
35.75 34.25 3.27
35.75 34.75 3.15
35.75 35.25 3.03
35.75 35.75 2.91
35.75 36.25 2.78
35.75 4.25 7.09
35.75 4.75 7.02
35.75 5.25 6.94
35.75 5.75 6.91
35.75 6.25 6.88
35.75 6.75 6.91
35.75 7.25 6.99
35.75 7.75 7.07
35.75 8.25 7.04
35.75 8.75 6.99
35.75 9.25 6.93
35.75 9.75 6.86
36.25 0.75 7.31
36.25 1.25 7.38
36.25 1.75 7.48
36.25 10.25 6.90
36.25 10.75 6.84
36.25 11.25 6.77
36.25 11.75 6.66
36.25 12.25 6.60
36.25 12.75 6.53
36.25 13.25 6.46
36.25 13.75 6.38
36.25 14.25 6.30
36.25 14.75 6.24
36.25 15.25 6.21
36.25 15.75 6.19
36.25 16.25 6.11
36.25 16.75 6.02
36.25 17.25 5.93
36.25 17.75 5.83
36.25 18.25 5.74
36.25 18.75 5.66
36.25 19.25 5.56
36.25 19.75 5.33
36.25 2.25 7.44
36.25 2.75 7.40
36.25 20.25 5.29
36.25 20.75 5.26
36.25 21.25 5.25
36.25 21.75 5.25
36.25 22.25 5.20
36.25 22.75 5.12
36.25 23.25 5.00
36.25 23.75 4.92
36.25 24.25 4.83
36.25 24.75 4.75
36.25 25.25 4.67
36.25 25.75 4.50
36.25 26.25 4.35
36.25 26.75 4.25
36.25 27.25 4.18
36.25 27.75 4.09
36.25 28.25 3.96
36.25 28.75 3.83
36.25 29.25 3.76
36.25 29.75 3.70
36.25 3.25 7.38
36.25 3.75 7.32
36.25 30.25 3.65
36.25 30.75 3.60
36.25 31.25 3.50
36.25 31.75 3.38
36.25 32.25 3.27
36.25 32.75 3.24
36.25 33.25 3.17
36.25 33.75 3.24
36.25 34.25 3.29
36.25 34.75 3.29
36.25 35.25 3.17
36.25 35.75 3.05
36.25 36.25 2.93
36.25 4.25 7.25
36.25 4.75 7.19
36.25 5.25 7.14
36.25 5.75 7.11
36.25 6.25 7.08
36.25 6.75 7.15
36.25 7.25 7.23
36.25 7.75 7.21
36.25 8.25 7.15
36.25 8.75 7.10
36.25 9.25 7.04
36.25 9.75 6.97
36.75 0.75 7.50
36.75 1.25 7.58
36.75 1.75 7.66
36.75 10.25 7.02
36.75 10.75 6.95
36.75 11.25 6.85
36.75 11.75 6.74
36.75 12.25 6.63
36.75 12.75 6.60
36.75 13.25 6.55
36.75 13.75 6.43
36.75 14.25 6.32
36.75 14.75 6.21
36.75 15.25 6.26
36.75 15.75 6.24
36.75 16.25 6.21
36.75 16.75 6.12
36.75 17.25 6.02
36.75 17.75 5.93
36.75 18.25 5.84
36.75 18.75 5.76
36.75 19.25 5.64
36.75 19.75 5.47
36.75 2.25 7.65
36.75 2.75 7.61
36.75 20.25 5.41
36.75 20.75 5.31
36.75 21.25 5.25
36.75 21.75 5.23
36.75 22.25 5.21
36.75 22.75 5.13
36.75 23.25 5.02
36.75 23.75 4.96
36.75 24.25 4.91
36.75 24.75 4.85
36.75 25.25 4.77
36.75 25.75 4.68
36.75 26.25 4.55
36.75 26.75 4.44
36.75 27.25 4.31
36.75 27.75 4.18
36.75 28.25 4.05
36.75 28.75 3.92
36.75 29.25 3.86
36.75 29.75 3.80
36.75 3.25 7.54
36.75 3.75 7.48
36.75 30.25 3.74
36.75 30.75 3.69
36.75 31.25 3.62
36.75 31.75 3.50
36.75 32.25 3.38
36.75 32.75 3.31
36.75 33.25 3.22
36.75 33.75 3.26
36.75 34.25 3.31
36.75 34.75 3.31
36.75 35.25 3.31
36.75 35.75 3.20
36.75 36.25 3.07
36.75 4.25 7.40
36.75 4.75 7.36
36.75 5.25 7.34
36.75 5.75 7.31
36.75 6.25 7.32
36.75 6.75 7.39
36.75 7.25 7.37
36.75 7.75 7.32
36.75 8.25 7.26
36.75 8.75 7.21
36.75 9.25 7.15
36.75 9.75 7.09
