NumOfObjs=7
H-0.0,V0.8,  (0.752 0.593 0.070) (0.776 0.593 -0.266)
H-0.0,V0.8,  (0.752 0.397 0.070) (0.776 0.397 -0.266)
H-0.0,V0.8,  (0.752 0.200 0.070) (0.776 0.200 -0.266)
H-0.0,V0.8,  (0.614 0.398 -0.073) (0.577 0.398 -0.266)
H-0.0,V0.8,  (0.614 0.198 -0.073) (0.577 0.198 -0.266)
H-0.0,V0.8,  (0.478 0.384 -0.213) (0.382 0.384 -0.265)
H-0.0,V0.8,  (0.476 0.199 -0.216) (0.379 0.199 -0.265)
NumOfObjs=6
H-0.0,V0.6,  (0.946 -0.776 0.031) (0.989 -0.776 -0.274)
H-0.0,V0.6,  (0.775 0.596 -0.086) (0.782 0.596 -0.274)
H-0.0,V0.6,  (0.775 0.397 -0.086) (0.782 0.397 -0.274)
H-0.0,V0.6,  (0.775 0.200 -0.086) (0.782 0.200 -0.274)
H-0.0,V0.6,  (0.611 0.398 -0.199) (0.583 0.398 -0.274)
H-0.0,V0.6,  (0.611 0.199 -0.199) (0.583 0.199 -0.274)
NumOfObjs=7
H0.0,V0.4,  (1.622 0.495 0.762) (1.970 0.495 0.311)
H0.0,V0.4,  (0.956 -0.780 -0.164) (0.995 -0.780 -0.281)
H0.0,V0.4,  (0.765 0.595 -0.245) (0.787 0.595 -0.281)
H0.0,V0.4,  (0.765 0.397 -0.245) (0.787 0.397 -0.281)
H0.0,V0.4,  (0.765 0.199 -0.245) (0.787 0.199 -0.281)
H0.0,V0.4,  (0.582 0.397 -0.322) (0.589 0.397 -0.281)
H0.0,V0.4,  (0.582 0.199 -0.322) (0.589 0.199 -0.281)
NumOfObjs=5
H-0.0,V0.2,  (1.766 0.492 0.418) (1.979 0.492 0.306)
H-0.0,V0.2,  (0.940 -0.774 -0.355) (1.015 -0.774 -0.287)
H-0.0,V0.2,  (0.730 0.588 -0.397) (0.801 0.588 -0.286)
H-0.0,V0.2,  (0.725 0.398 -0.398) (0.796 0.398 -0.286)
H-0.0,V0.2,  (0.725 0.198 -0.398) (0.796 0.198 -0.286)
NumOfObjs=1
H-0.0,V-0.0,  (1.839 0.493 0.051) (1.989 0.493 0.301)
---------------------------------------------------------------------
NumOfObjs=11
H0.4,V0.8,  (0.930 0.471 0.254) (0.850 0.817 -0.081)
H0.4,V0.8,  (0.876 0.288 0.198) (0.825 0.627 -0.135)
H0.4,V0.8,  (0.823 0.107 0.143) (0.800 0.440 -0.189)
H0.4,V0.8,  (0.803 0.548 0.123) (0.654 0.838 -0.067)
H0.4,V0.8,  (0.769 -0.078 0.088) (0.775 0.249 -0.244)
H0.4,V0.8,  (0.748 0.365 0.066) (0.626 0.648 -0.121)
H0.4,V0.8,  (0.696 0.183 0.012) (0.604 0.461 -0.175)
H0.4,V0.8,  (0.641 0.001 -0.045) (0.578 0.272 -0.229)
H0.4,V0.8,  (0.622 0.442 -0.064) (0.432 0.671 -0.106)
H0.4,V0.8,  (0.568 0.259 -0.121) (0.405 0.481 -0.161)
H0.4,V0.8,  (0.515 0.077 -0.176) (0.381 0.293 -0.215)
NumOfObjs=11
H0.4,V0.6,  (0.985 0.471 0.058) (0.819 0.834 -0.126)
H0.4,V0.6,  (0.924 0.289 0.016) (0.806 0.642 -0.169)
H0.4,V0.6,  (0.860 0.107 -0.028) (0.791 0.450 -0.212)
H0.4,V0.6,  (0.836 0.548 -0.045) (0.622 0.847 -0.116)
H0.4,V0.6,  (0.794 -0.076 -0.074) (0.774 0.256 -0.255)
H0.4,V0.6,  (0.770 0.364 -0.090) (0.606 0.652 -0.159)
H0.4,V0.6,  (0.708 0.183 -0.133) (0.593 0.460 -0.202)
H0.4,V0.6,  (0.644 0.001 -0.176) (0.578 0.268 -0.245)
H0.4,V0.6,  (0.621 0.443 -0.193) (0.409 0.666 -0.148)
H0.4,V0.6,  (0.556 0.259 -0.237) (0.394 0.471 -0.192)
H0.4,V0.6,  (0.494 0.077 -0.280) (0.380 0.280 -0.235)
NumOfObjs=12
H0.4,V0.4,  (1.666 -0.264 0.778) (1.988 0.417 0.320)
H0.4,V0.4,  (2.194 1.100 1.008) (2.037 1.879 0.549)
H0.4,V0.4,  (1.005 0.472 -0.143) (0.803 0.837 -0.178)
H0.4,V0.4,  (0.931 0.289 -0.174) (0.795 0.640 -0.208)
H0.4,V0.4,  (0.861 0.107 -0.204) (0.789 0.446 -0.238)
H0.4,V0.4,  (0.835 0.548 -0.215) (0.604 0.841 -0.172)
H0.4,V0.4,  (0.789 -0.078 -0.235) (0.782 0.247 -0.268)
H0.4,V0.4,  (0.762 0.364 -0.246) (0.596 0.643 -0.202)
H0.4,V0.4,  (0.692 0.182 -0.276) (0.590 0.448 -0.232)
H0.4,V0.4,  (0.621 0.001 -0.306) (0.583 0.254 -0.261)
H0.4,V0.4,  (0.594 0.442 -0.318) (0.397 0.650 -0.195)
H0.4,V0.4,  (0.547 0.266 -0.337) (0.414 0.469 -0.223)
NumOfObjs=9
H0.4,V0.2,  (1.813 -0.263 0.425) (1.985 0.469 0.311)
H0.4,V0.2,  (2.377 1.098 0.538) (1.998 1.943 0.424)
H0.4,V0.2,  (0.977 0.472 -0.346) (0.796 0.821 -0.234)
H0.4,V0.2,  (0.901 0.289 -0.362) (0.794 0.623 -0.249)
H0.4,V0.2,  (0.826 0.105 -0.377) (0.794 0.424 -0.265)
H0.4,V0.2,  (0.797 0.548 -0.383) (0.598 0.821 -0.231)
H0.4,V0.2,  (0.751 -0.078 -0.392) (0.793 0.227 -0.280)
H0.4,V0.2,  (0.722 0.366 -0.398) (0.597 0.624 -0.246)
H0.4,V0.2,  (0.667 0.182 -0.409) (0.614 0.434 -0.261)
NumOfObjs=4
H0.4,V-0.0,  (1.886 -0.264 0.052) (1.990 0.491 0.302)
H0.4,V-0.0,  (2.462 1.099 0.048) (1.990 1.971 0.298)
H0.4,V-0.0,  (0.913 0.472 -0.539) (0.807 0.791 -0.289)
H0.4,V-0.0,  (0.867 0.296 -0.539) (0.833 0.611 -0.289)
---------------------------------------------------------------------
NumOfObjs=12
H0.8,V0.8,  (1.006 0.088 0.333) (0.879 0.812 -0.009)
H0.8,V0.8,  (0.908 0.229 0.232) (0.688 0.843 0.042)
H0.8,V0.8,  (0.908 -0.051 0.232) (0.826 0.644 -0.101)
H0.8,V0.8,  (0.810 0.368 0.130) (0.499 0.871 0.092)
H0.8,V0.8,  (0.810 0.088 0.130) (0.637 0.673 -0.050)
H0.8,V0.8,  (0.810 -0.192 0.130) (0.774 0.475 -0.193)
H0.8,V0.8,  (0.712 0.228 0.029) (0.447 0.703 0.001)
H0.8,V0.8,  (0.712 -0.051 0.029) (0.584 0.505 -0.142)
H0.8,V0.8,  (0.712 -0.331 0.029) (0.721 0.308 -0.284)
H0.8,V0.8,  (0.615 0.088 -0.072) (0.396 0.535 -0.091)
H0.8,V0.8,  (0.615 -0.191 -0.072) (0.532 0.338 -0.233)
H0.8,V0.8,  (0.518 -0.052 -0.173) (0.344 0.367 -0.183)
NumOfObjs=12
H0.8,V0.6,  (1.075 0.089 0.120) (0.823 0.853 -0.060)
H0.8,V0.6,  (0.961 0.230 0.042) (0.630 0.872 -0.022)
H0.8,V0.6,  (0.961 -0.052 0.042) (0.794 0.673 -0.135)
H0.8,V0.6,  (0.845 0.370 -0.039) (0.435 0.889 0.015)
H0.8,V0.6,  (0.845 0.090 -0.039) (0.598 0.690 -0.098)
H0.8,V0.6,  (0.845 -0.191 -0.039) (0.762 0.492 -0.211)
H0.8,V0.6,  (0.728 0.230 -0.119) (0.403 0.707 -0.061)
H0.8,V0.6,  (0.728 -0.050 -0.119) (0.566 0.509 -0.173)
H0.8,V0.6,  (0.728 -0.331 -0.119) (0.729 0.311 -0.286)
H0.8,V0.6,  (0.613 0.089 -0.198) (0.373 0.526 -0.136)
H0.8,V0.6,  (0.613 -0.192 -0.198) (0.536 0.328 -0.249)
H0.8,V0.6,  (0.497 -0.051 -0.278) (0.342 0.345 -0.212)
NumOfObjs=13
H0.8,V0.4,  (1.446 -0.956 0.687) (2.003 0.367 0.212)
H0.8,V0.4,  (2.410 0.091 1.095) (2.109 1.789 0.610)
H0.8,V0.4,  (1.101 0.088 -0.102) (0.790 0.861 -0.131)
H0.8,V0.4,  (0.973 0.228 -0.157) (0.595 0.870 -0.106)
H0.8,V0.4,  (0.973 -0.052 -0.157) (0.777 0.672 -0.184)
H0.8,V0.4,  (0.845 0.370 -0.211) (0.397 0.880 -0.082)
H0.8,V0.4,  (0.845 0.090 -0.211) (0.580 0.681 -0.159)
H0.8,V0.4,  (0.845 -0.191 -0.211) (0.762 0.482 -0.237)
H0.8,V0.4,  (0.714 0.229 -0.266) (0.383 0.688 -0.136)
H0.8,V0.4,  (0.714 -0.051 -0.266) (0.565 0.489 -0.213)
H0.8,V0.4,  (0.714 -0.332 -0.266) (0.747 0.291 -0.291)
H0.8,V0.4,  (0.586 0.088 -0.321) (0.369 0.497 -0.189)
H0.8,V0.4,  (0.586 -0.192 -0.321) (0.551 0.299 -0.267)
NumOfObjs=11
H0.8,V0.2,  (1.579 -0.957 0.378) (1.993 0.450 0.261)
H0.8,V0.2,  (2.605 0.092 0.590) (2.021 1.917 0.472)
H0.8,V0.2,  (1.083 0.089 -0.325) (0.785 0.839 -0.210)
H0.8,V0.2,  (0.946 0.229 -0.353) (0.587 0.841 -0.198)
H0.8,V0.2,  (0.946 -0.051 -0.353) (0.781 0.643 -0.238)
H0.8,V0.2,  (0.810 0.370 -0.380) (0.390 0.844 -0.186)
H0.8,V0.2,  (0.810 0.088 -0.380) (0.585 0.645 -0.226)
H0.8,V0.2,  (0.810 -0.192 -0.380) (0.779 0.447 -0.266)
H0.8,V0.2,  (0.678 0.230 -0.407) (0.390 0.652 -0.214)
H0.8,V0.2,  (0.678 -0.051 -0.407) (0.584 0.454 -0.253)
H0.8,V0.2,  (0.678 -0.333 -0.407) (0.779 0.254 -0.293)
NumOfObjs=5
H0.8,V-0.0,  (1.646 -0.958 0.050) (1.992 0.485 0.300)
H0.8,V-0.0,  (2.693 0.088 0.053) (1.993 1.966 0.303)
H0.8,V-0.0,  (1.022 0.090 -0.539) (0.810 0.786 -0.289)
H0.8,V-0.0,  (0.886 0.228 -0.539) (0.615 0.788 -0.289)
H0.8,V-0.0,  (0.886 -0.052 -0.539) (0.813 0.589 -0.289)
NumOfObjs=2
H0.8,V-0.2,  (1.649 -0.956 -0.283) (2.002 0.479 0.339)
H0.8,V-0.2,  (2.676 0.088 -0.487) (2.031 1.943 0.137)
NumOfObjs=2
H0.8,V-0.4,  (1.584 -0.956 -0.612) (2.022 0.423 0.384)
H0.8,V-0.4,  (2.548 0.090 -1.017) (2.127 1.844 -0.012)
---------------------------------------------------------------------
NumOfObjs=8
H1.6,V0.4,  (1.737 0.621 0.807) (-0.105 1.766 1.230)
H1.6,V0.4,  (1.426 0.718 0.035) (-0.497 1.455 0.558)
H1.6,V0.4,  (1.063 0.720 -0.118) (-0.559 1.093 0.417)
H1.6,V0.4,  (0.879 -0.270 -0.197) (0.322 0.908 -0.043)
H1.6,V0.4,  (0.879 -0.468 -0.197) (0.504 0.908 -0.120)
H1.6,V0.4,  (0.879 -0.666 -0.197) (0.686 0.908 -0.198)
H1.6,V0.4,  (0.698 -0.271 -0.273) (0.293 0.728 -0.114)
H1.6,V0.4,  (0.698 -0.471 -0.273) (0.476 0.728 -0.192)
NumOfObjs=8
H1.6,V0.2,  (1.887 0.620 0.442) (-0.369 1.902 0.806)
H1.6,V0.2,  (1.434 0.723 -0.253) (-0.609 1.449 0.145)
H1.6,V0.2,  (1.040 0.717 -0.333) (-0.620 1.055 0.065)
H1.6,V0.2,  (0.849 -0.272 -0.372) (0.342 0.864 -0.171)
H1.6,V0.2,  (0.849 -0.470 -0.372) (0.536 0.864 -0.210)
H1.6,V0.2,  (0.849 -0.668 -0.372) (0.730 0.864 -0.250)
H1.6,V0.2,  (0.671 -0.273 -0.409) (0.336 0.686 -0.206)
H1.6,V0.2,  (0.671 -0.472 -0.409) (0.531 0.686 -0.246)
NumOfObjs=3
H1.6,V-0.0,  (1.963 0.619 0.054) (-0.469 1.963 0.304)
H1.6,V-0.0,  (1.377 0.719 -0.539) (-0.569 1.377 -0.289)
H1.6,V-0.0,  (0.978 0.721 -0.539) (-0.571 0.978 -0.289)
---------------------------------------------------------------------
NumOfObjs=3
H-0.8,V0.4,  (2.409 -0.085 1.094) (2.110 -1.785 0.608)
H-0.8,V0.4,  (1.363 -0.084 0.009) (1.006 -1.044 -0.101)
H-0.8,V0.4,  (1.232 0.056 -0.047) (0.990 -0.853 -0.155)
NumOfObjs=3
H-0.8,V0.2,  (2.610 -0.079 0.591) (2.031 -1.913 0.470)
H-0.8,V0.2,  (1.359 -0.087 -0.269) (0.988 -1.034 -0.194)
H-0.8,V0.2,  (1.223 0.053 -0.296) (0.985 -0.839 -0.222)
NumOfObjs=3
H-0.8,V-0.0,  (2.698 -0.081 0.053) (1.999 -1.966 0.303)
H-0.8,V-0.0,  (1.308 -0.084 -0.539) (1.015 -0.984 -0.289)
H-0.8,V-0.0,  (1.167 0.053 -0.539) (1.012 -0.788 -0.289)
---------------------------------------------------------------------
NumOfObjs=2
H-2.5,V0.4,  (2.558 0.331 1.162) (-1.122 -1.814 2.037)
H-2.5,V0.4,  (1.526 0.130 0.078) (-0.896 -1.035 0.764)
NumOfObjs=2
H-2.5,V0.2,  (2.763 0.329 0.618) (-1.714 -1.926 1.257)
H-2.5,V0.2,  (1.529 0.126 -0.234) (-1.035 -1.025 0.249)
NumOfObjs=2
H-2.5,V-0.0,  (2.858 0.333 0.056) (-1.941 -1.977 0.306)
H-2.5,V-0.0,  (1.476 0.129 -0.539) (-0.955 -0.987 -0.289)

