// *z = (sin(mva) * tx) + ( cos(mva) * oz);
NumOfObjs=7
H0.0,V0.8  (0.317 0.593 -0.243)  (0.460 0.546 -0.266)
H0.0,V0.8  (0.317 0.397 -0.243)  (0.460 0.365 -0.266)
H0.0,V0.8  (0.317 0.200 -0.243)  (0.460 0.184 -0.266)
H0.0,V0.8  (0.221 0.398 -0.243)  (0.326 0.366 -0.266)
H0.0,V0.8  (0.221 0.198 -0.243)  (0.326 0.183 -0.266)
H0.0,V0.8  (0.127 0.384 -0.243)  (0.194 0.353 -0.265)
H0.0,V0.8  (0.126 0.199 -0.243)  (0.192 0.183 -0.265)
NumOfObjs=6
H-0.0,V0.4  (1.669 0.495 0.317)  (2.009 0.514 0.311)
H-0.0,V0.4  (0.648 0.595 -0.275)  (0.784 0.571 -0.281)
H-0.0,V0.4  (0.648 0.397 -0.275)  (0.784 0.381 -0.281)
H-0.0,V0.4  (0.648 0.199 -0.275)  (0.784 0.191 -0.281)
H-0.0,V0.4  (0.481 0.397 -0.275)  (0.582 0.381 -0.281)
H-0.0,V0.4  (0.481 0.199 -0.275)  (0.582 0.191 -0.281)
NumOfObjs=1
H0.0,V-0.0  (1.989 0.493 0.301)  (1.989 0.493 0.301)
NumOfObjs=11
H0.4,V0.8  (0.395 0.796 -0.058)  (0.564 0.752 -0.081)
H0.4,V0.8  (0.371 0.606 -0.113)  (0.530 0.577 -0.135)
H0.4,V0.8  (0.347 0.419 -0.166)  (0.497 0.404 -0.189)
H0.4,V0.8  (0.304 0.817 -0.044)  (0.436 0.771 -0.067)
H0.4,V0.8  (0.324 0.228 -0.221)  (0.463 0.229 -0.244)
H0.4,V0.8  (0.279 0.627 -0.098)  (0.400 0.596 -0.121)
H0.4,V0.8  (0.256 0.440 -0.152)  (0.368 0.424 -0.175)
H0.4,V0.8  (0.232 0.251 -0.206)  (0.334 0.250 -0.229)
H0.4,V0.8  (0.188 0.650 -0.083)  (0.273 0.617 -0.106)
H0.4,V0.8  (0.164 0.460 -0.138)  (0.239 0.442 -0.161)
H0.4,V0.8  (0.140 0.272 -0.192)  (0.206 0.269 -0.215)
NumOfObjs=11
H0.4,V0.6  (0.541 0.817 -0.113)  (0.710 0.784 -0.126)
H0.4,V0.6  (0.528 0.626 -0.156)  (0.693 0.604 -0.169)
H0.4,V0.6  (0.514 0.433 -0.199)  (0.674 0.423 -0.212)
H0.4,V0.6  (0.408 0.830 -0.102)  (0.537 0.796 -0.116)
H0.4,V0.6  (0.497 0.239 -0.242)  (0.653 0.240 -0.255)
H0.4,V0.6  (0.393 0.635 -0.146)  (0.517 0.613 -0.159)
H0.4,V0.6  (0.380 0.444 -0.189)  (0.500 0.433 -0.202)
H0.4,V0.6  (0.366 0.252 -0.232)  (0.482 0.252 -0.245)
H0.4,V0.6  (0.261 0.650 -0.135)  (0.345 0.626 -0.148)
H0.4,V0.6  (0.246 0.455 -0.179)  (0.326 0.443 -0.192)
H0.4,V0.6  (0.233 0.263 -0.221)  (0.309 0.263 -0.235)
NumOfObjs=12
H0.4,V0.4  (1.686 0.406 0.326)  (2.027 0.434 0.320)
H0.4,V0.4  (1.735 1.868 0.555)  (2.086 1.955 0.549)
H0.4,V0.4  (0.667 0.826 -0.172)  (0.804 0.804 -0.178)
H0.4,V0.4  (0.659 0.629 -0.202)  (0.794 0.615 -0.208)
H0.4,V0.4  (0.653 0.434 -0.232)  (0.787 0.428 -0.238)
H0.4,V0.4  (0.499 0.829 -0.166)  (0.601 0.807 -0.172)
H0.4,V0.4  (0.647 0.236 -0.262)  (0.779 0.238 -0.268)
H0.4,V0.4  (0.491 0.632 -0.196)  (0.592 0.617 -0.202)
H0.4,V0.4  (0.485 0.437 -0.226)  (0.585 0.430 -0.232)
H0.4,V0.4  (0.478 0.242 -0.255)  (0.576 0.244 -0.261)
H0.4,V0.4  (0.323 0.638 -0.189)  (0.390 0.624 -0.195)
H0.4,V0.4  (0.336 0.458 -0.217)  (0.406 0.450 -0.223)
NumOfObjs=9
H0.4,V0.2  (1.899 0.463 0.312)  (2.090 0.479 0.311)
H0.4,V0.2  (1.911 1.937 0.426)  (2.104 1.982 0.424)
H0.4,V0.2  (0.755 0.815 -0.232)  (0.831 0.804 -0.234)
H0.4,V0.2  (0.753 0.617 -0.248)  (0.829 0.610 -0.249)
H0.4,V0.2  (0.753 0.418 -0.263)  (0.828 0.415 -0.265)
H0.4,V0.2  (0.565 0.815 -0.229)  (0.622 0.804 -0.231)
H0.4,V0.2  (0.752 0.221 -0.279)  (0.828 0.222 -0.280)
H0.4,V0.2  (0.564 0.618 -0.244)  (0.620 0.612 -0.246)
H0.4,V0.2  (0.581 0.428 -0.260)  (0.639 0.425 -0.261)
NumOfObjs=4
H0.4,V0.0  (1.990 0.491 0.302)  (1.990 0.491 0.302)
H0.4,V0.0  (1.990 1.971 0.298)  (1.990 1.971 0.298)
H0.4,V0.0  (0.807 0.791 -0.289)  (0.807 0.791 -0.289)
H0.4,V0.0  (0.833 0.611 -0.289)  (0.833 0.611 -0.289)
NumOfObjs=12
H0.7,V0.8  (0.427 0.778 0.008)  (0.596 0.748 -0.015)
H0.7,V0.8  (0.385 0.604 -0.078)  (0.537 0.588 -0.101)
H0.7,V0.8  (0.342 0.806 0.049)  (0.477 0.773 0.026)
H0.7,V0.8  (0.345 0.432 -0.162)  (0.481 0.430 -0.185)
H0.7,V0.8  (0.302 0.634 -0.036)  (0.421 0.615 -0.059)
H0.7,V0.8  (0.260 0.837 0.090)  (0.362 0.802 0.068)
H0.7,V0.8  (0.304 0.258 -0.248)  (0.424 0.269 -0.271)
H0.7,V0.8  (0.261 0.461 -0.121)  (0.364 0.456 -0.144)
H0.7,V0.8  (0.219 0.664 0.005)  (0.304 0.643 -0.018)
H0.7,V0.8  (0.220 0.288 -0.206)  (0.306 0.297 -0.229)
H0.7,V0.8  (0.178 0.490 -0.080)  (0.247 0.483 -0.103)
H0.7,V0.8  (0.137 0.317 -0.166)  (0.190 0.323 -0.189)
NumOfObjs=12
H0.7,V0.6  (0.555 0.822 -0.054)  (0.719 0.798 -0.068)
H0.7,V0.6  (0.530 0.640 -0.123)  (0.687 0.627 -0.136)
H0.7,V0.6  (0.427 0.840 -0.024)  (0.552 0.815 -0.037)
H0.7,V0.6  (0.506 0.455 -0.193)  (0.656 0.453 -0.206)
H0.7,V0.6  (0.401 0.655 -0.094)  (0.519 0.641 -0.107)
H0.7,V0.6  (0.297 0.854 0.005)  (0.383 0.829 -0.008)
H0.7,V0.6  (0.480 0.271 -0.262)  (0.622 0.280 -0.275)
H0.7,V0.6  (0.375 0.471 -0.163)  (0.485 0.468 -0.176)
H0.7,V0.6  (0.271 0.672 -0.064)  (0.350 0.657 -0.077)
H0.7,V0.6  (0.351 0.287 -0.233)  (0.454 0.296 -0.246)
H0.7,V0.6  (0.246 0.487 -0.133)  (0.317 0.484 -0.147)
H0.7,V0.6  (0.221 0.305 -0.202)  (0.284 0.312 -0.215)
NumOfObjs=13
H0.7,V0.4  (1.698 0.356 0.251)  (2.037 0.360 0.245)
H0.7,V0.4  (1.790 1.784 0.614)  (2.146 1.876 0.608)
H0.7,V0.4  (0.664 0.836 -0.130)  (0.795 0.821 -0.136)
H0.7,V0.4  (0.653 0.645 -0.179)  (0.781 0.638 -0.185)
H0.7,V0.4  (0.498 0.847 -0.110)  (0.595 0.831 -0.116)
H0.7,V0.4  (0.642 0.456 -0.228)  (0.768 0.455 -0.234)
H0.7,V0.4  (0.487 0.654 -0.160)  (0.582 0.646 -0.166)
H0.7,V0.4  (0.333 0.853 -0.091)  (0.397 0.837 -0.097)
H0.7,V0.4  (0.628 0.264 -0.277)  (0.751 0.271 -0.283)
H0.7,V0.4  (0.474 0.462 -0.209)  (0.567 0.462 -0.215)
H0.7,V0.4  (0.320 0.660 -0.141)  (0.381 0.652 -0.147)
H0.7,V0.4  (0.462 0.270 -0.258)  (0.552 0.277 -0.264)
H0.7,V0.4  (0.307 0.470 -0.189)  (0.366 0.469 -0.195)
NumOfObjs=11
H0.7,V0.2  (1.907 0.444 0.281)  (2.097 0.463 0.280)
H0.7,V0.2  (1.931 1.914 0.470)  (2.122 1.962 0.469)
H0.7,V0.2  (0.749 0.827 -0.211)  (0.822 0.820 -0.213)
H0.7,V0.2  (0.748 0.632 -0.236)  (0.821 0.629 -0.238)
H0.7,V0.2  (0.561 0.828 -0.202)  (0.615 0.821 -0.203)
H0.7,V0.2  (0.744 0.433 -0.262)  (0.816 0.434 -0.263)
H0.7,V0.2  (0.559 0.632 -0.227)  (0.612 0.628 -0.229)
H0.7,V0.2  (0.371 0.830 -0.192)  (0.406 0.823 -0.194)
H0.7,V0.2  (0.740 0.236 -0.287)  (0.811 0.241 -0.289)
H0.7,V0.2  (0.559 0.439 -0.252)  (0.612 0.439 -0.254)
H0.7,V0.2  (0.381 0.646 -0.217)  (0.417 0.642 -0.218)
NumOfObjs=5
H0.7,V-0.0  (1.991 0.487 0.302)  (1.991 0.487 0.302)
H0.7,V-0.0  (1.991 1.968 0.303)  (1.991 1.968 0.303)
H0.7,V-0.0  (0.811 0.787 -0.289)  (0.811 0.787 -0.289)
H0.7,V-0.0  (0.812 0.589 -0.289)  (0.812 0.589 -0.289)
H0.7,V-0.0  (0.624 0.800 -0.289)  (0.624 0.800 -0.289)
NumOfObjs=2
H0.7,V-0.2  (1.939 0.487 0.324)  (1.749 0.468 0.322)
H0.7,V-0.2  (1.964 1.955 0.141)  (1.772 1.984 0.140)
NumOfObjs=2
H0.7,V-0.4  (1.752 0.445 0.362)  (1.412 0.409 0.356)
H0.7,V-0.4  (1.842 1.878 -0.004)  (1.484 1.934 -0.010)
NumOfObjs=6
H1.6,V0.4  (-0.036 1.737 1.235)  (-0.073 1.837 1.230)
H1.6,V0.4  (0.287 0.879 -0.037)  (0.314 0.872 -0.043)
H1.6,V0.4  (0.438 0.879 -0.114)  (0.496 0.872 -0.120)
H1.6,V0.4  (0.590 0.879 -0.192)  (0.679 0.872 -0.198)
H1.6,V0.4  (0.260 0.698 -0.108)  (0.282 0.698 -0.114)
H1.6,V0.4  (0.413 0.698 -0.186)  (0.466 0.698 -0.192)
NumOfObjs=1
H1.6,V-0.0  (-0.469 1.963 0.304)  (-0.469 1.963 0.304)
NumOfObjs=1
H1.6,V-0.2  (-0.363 1.958 -0.212)  (-0.311 1.982 -0.214)
NumOfObjs=2
H-0.8,V0.4  (1.804 -1.765 0.614)  (2.161 -1.857 0.608)
H-0.8,V0.4  (0.847 -1.024 -0.096)  (1.012 -1.002 -0.101)
NumOfObjs=2
H-0.8,V0.0  (1.999 -1.966 0.303)  (1.999 -1.966 0.303)
H-0.8,V0.0  (1.015 -0.984 -0.289)  (1.015 -0.984 -0.289)
NumOfObjs=1
H-0.8,V-0.2  (1.965 -1.954 0.131)  (1.773 -1.983 0.130)
NumOfObjs=2
H-2.5,V0.4  (-0.852 -1.796 2.043)  (-1.081 -1.887 2.037)
H-2.5,V0.4  (-0.700 -1.017 0.770)  (-0.899 -1.076 0.764)
NumOfObjs=2
H-2.5,V-0.0  (-1.941 -1.977 0.306)  (-1.941 -1.977 0.306)
H-2.5,V-0.0  (-0.955 -0.987 -0.289)  (-0.955 -0.987 -0.289)
NumOfObjs=2
H-2.5,V-0.2  (-1.696 -1.961 -0.676)  (-1.500 -1.991 -0.678)
H-2.5,V-0.2  (-0.644 -0.922 -0.764)  (-0.553 -0.932 -0.766)
